0.26932727
0.268621609
0.269687941
0.269938843
0.27072291
0.270472009
0.271459934
0.271161988
0.2719931
0.272196958
0.271726517
0.271444253
0.273043751
0.2729183
0.272667398
0.272463541
0.272667398
0.271428571
0.271303121
0.27072291
0.271899012
0.27233809
0.270660185
0.270691548
0.270393602
0.270691548
0.270001568
0.268888192
0.270754273
0.271789243
0.271820605
0.271930375
0.272181276
0.272008782
0.272588992
0.273043751
0.273059432
0.273278971
0.273874863
0.274094402
0.272416497
0.272228321
0.27257331
0.272933981
0.271428571
0.272463541
0.27326329
0.273921907
0.272479222
0.27315352
0.271695154
0.270801317
0.271444253
0.271318802
0.273482829
0.272494904
0.273106476
0.27268308
0.270879724
0.270644504
0.271350165
0.270283833
0.272024463
0.272541948
0.273576917
0.273780775
0.273890544
0.273906225
0.272541948
0.271318802
0.271851968
0.27152266
0.271569704
0.270346558
0.270362239
0.270315195
0.269985887
0.270064294
0.269954524
0.270127019
0.270268151
0.270754273
0.270048612
0.269734985
0.268590246
0.26990748
0.269782029
0.270001568
0.269813392
0.271209032
0.270675866
0.269766348
0.269876117
0.268872511
0.268621609
0.269280226
0.269609534
0.269970205
0.270879724
0.270424965
0.270754273
0.270174063
0.271083582
0.271569704
0.272510585
0.272933981
0.27315352
0.272667398
0.271459934
0.272071507
0.272134232
0.271381527
0.271161988
0.272526266
0.271977419
0.272165595
0.271114944
0.270738592
0.270189744
0.270628822
0.272510585
0.272871256
0.272416497
0.272933981
0.271585385
0.272259683
0.274000314
0.272698761
0.27418849
0.27326329
0.27268308
0.272024463
0.274313941
0.275646856
0.280962835
0.286827662
0.292770895
0.302164027
0.306884115
0.325137212
0.33413831
0.358052376
0.367084836
0.379990591
0.384898855
0.391767289
0.392927709
0.398055512
0.395703309
0.39675396
0.387643092
0.380131723
0.374674612
0.37349851
0.365453975
0.356186294
0.353426376
0.347326329
0.344613455
0.340928336
0.335675082
0.335518269
0.333495374
0.330123883
0.326799435
0.32581151
0.324008154
0.321906853
0.322267524
0.320291673
0.317061314
0.316935863
0.314317077
0.313595735
0.312074643
0.312247138
0.311180806
0.30903246
0.308420888
0.30787204
0.307574094
0.306554806
0.306727301
0.306005959
0.305049396
0.30486122
0.304437823
0.302242434
0.300768386
0.300564529
0.297867336
0.296471695
0.295577858
0.296173749
0.293899953
0.291845695
0.291563431
0.291704563
0.292582719
0.291375255
0.291375255
0.288819194
0.287235377
0.286984475
0.285165438
0.285134076
0.283879567
0.282499608
0.282891642
0.281731222
0.280429669
0.279112435
0.277277717
0.277073859
0.277120903
0.277528618
0.277622707
0.27638388
0.27603889
0.276728869
0.277167947
0.276352517
0.27777952
0.277105222
0.275897758
0.273671005
0.273968951
0.273859181
0.273090795
0.273404422
0.273043751
0.273514192
0.272855575
0.272557629
0.270895405
0.271836287
0.271334483
0.273075114
0.271930375
0.272040144
0.271114944
0.271365846
0.272651717
0.271036538
0.269797711
0.269139094
0.267194606
0.267022111
0.266034185
0.26573624
0.265469657
0.265548063
0.265375568
0.264277874
0.265077623
0.265751921
0.265548063
0.266959385
0.266034185
0.265548063
0.265156029
0.263415399
0.264560138
0.264858084
0.265642151
0.26504626
0.265250118
0.265548063
0.26573624
0.266692802
0.266630077
0.268355026
0.268072761
0.267116199
0.266818253
0.266300768
0.266347812
0.266347812
0.266630077
0.266739846
0.266285087
0.26655167
0.267178924
0.266708484
0.266112592
0.264669907
0.264858084
0.26539125
0.266081229
0.267586639
0.268135487
0.269531127
0.268809785
0.268417751
0.268417751
0.267163243
0.267100517
0.266959385
0.266990748
0.266488945
0.267665046