0.263459336
0.264742268
0.269633448
0.276918671
0.283298969
0.290641466
0.298705613
0.30489118
0.316197022
0.326849943
0.33696449
0.345693013
0.342966781
0.351260023
0.347709049
0.346975945
0.35628866
0.348808706
0.358751432
0.347709049
0.347961054
0.35067583
0.354444444
0.340309278
0.347823597
0.33766323
0.335005727
0.330114548
0.33161512
0.332474227
0.322989691
0.326678121
0.319702176
0.313722795
0.317674685
0.312199313
0.311660939
0.307319588
0.305418099
0.306105384
0.305017182
0.303046964
0.302256586
0.301019473
0.29860252
0.296953036
0.293894616
0.291890034
0.290847652
0.28975945
0.287560137
0.290068729
0.287021764
0.283928981
0.284272623
0.285040092
0.284604811
0.28419244
0.283791523
0.283321879
0.282439863
0.282268041
0.280721649
0.281672394
0.279633448
0.278568156
0.27814433
0.276013746
0.275372279
0.271408935
0.270962199
0.271546392
0.270756014
0.270297824
0.270263459
0.270320733
0.269347079
0.268591065
0.265750286
0.266895762
0.265475372
0.264364261
0.265727377
0.265211913
0.262726231
0.261912944
0.259347079
0.258877434
0.260721649
0.258545246
0.255979381
0.257376861
0.258190149
0.259931271
0.260320733
0.260160367
0.261408935
0.261214204
0.261237113
0.260366552
0.2604811
0.261408935
0.260137457
0.259816724
0.259713631
0.259163803
0.258739977
0.259255441
0.259599084
0.259553265
0.256792669
0.256563574
0.254696449
0.255750286
0.256197022
0.256483391
0.256036655
0.255463918
0.255658648
0.255452463
0.254776632
