0.050926434
0.059861857
0.094671637
0.126411578
0.092204802
0.09116325
0.067646091
0.073511676
0.098618573
0.091766254
0.034700143
0.0378248
0.040181998
0.070551475
0.075923693
0.074608047
0.112103936
0.092259621
0.09872821
0.09872821
0.119668896
0.136059643
0.119614077
0.116270146
0.100756496
0.103497424
0.095055367
0.081076636
0.061670869
0.061122684
0.062986515
0.042539195
0.032617038
0.025655082
0.059916676
0.048459599
0.056298651
0.073237584
0.078719439
0.06430216
0.076362241
0.054325184
0.051639075
0.050049337
0.031685122
0.014965464
0.039140445
0.011621533
0.033110405
0.018090122
0.034480868
0.021653327
0.044786756
0.043361474
0.050104155
0.026641816
0.052899901
0.06693345
0.052077623
0.076910426
0.055860103
0.06128714
0.056956474
0.050816796
0.074059862
0.048514417
0.050268611
0.051310163
0.039195264
0.028724921
0.019844315
0
0.024777985
0.057778752
0.061122684
0.035138691
0.07186712
0.073840588
0.058546212
0.077677886
0.047363228
0.064795527
0.067371999
0.05218726
0.065014801
0.094507181
0.044128933
0.060190769
0.046979498
0.041059094
0.053776998
0.074991777
0.091327705
0.050542704
0.048678873
0.10475825
0.101907686
0.101195044
0.09757702
0.081953733
0.0688521
0.061013047
0.062164236
0.063096152
0.091437342
0.069455104
0.078006798
0.052077623
0.105964258
0.058162482
0.070880386
0.076307422
0.102291415
0.075156233
0.084749479
0.088477141
0.080966999
0.077239338
0.092862625
0.084694661
0.090286153
0.070496656
0.083762745
0.067755729
0.082173007
0.095329459
0.092314439
0.094616818
0.093575266
0.098125206
0.076526697
0.060464861
0.077513431
0.090943975
0.093904177
0.102181778
0.075704418
0.108485912
0.08546212
0.065179257
0.081460366
0.091821072
0.098070387
0.099989036
0.09834448
0.16604539
0.220260936
0.336311808
0.372382414
0.490406754
0.555092643
0.616434601
0.700526258
0.784617915
0.907356649
0.942166429
0.951375946
0.922322114
0.948032014
0.966670321
1
0.912454775
0.858842232
0.8161934
0.774860213
0.729909001
0.733636663
0.681504221
0.669608596
0.646639623
0.606622081
0.605799803
0.628110953
0.603716698
0.652943756
0.64674926
0.618682162
0.602949238
0.595055367
0.572853854
0.542045828
0.529930929
0.493257318
0.471713628
0.402916347
0.4364653
0.346124328
0.332419691
0.321291525
0.316303037
0.285440193
0.257647188
0.265595878
0.245587107
0.23413003
0.201732266
0.194057669
0.172788071
0.166977305
0.152176296
0.128823594
0.1512992
0.138965026
0.120820086
0.115064138
0.1202719
0.065398531
0.103935972
0.064850345
0.081076636
0.046650587
0.039414538
0.043580748
0.037166977
0.069674378
0.052680627
0.078061616
0.078006798
0.077951979
0.071647846
0.101414319
0.034151957
0.062054599
0.067810547
0.078335709
0.073840588
0.053886635
0.048459599
0.089299419
0.065234075
0.063315426
0.064356978
0.079980265
0.062876878
0.05898476
0.062712422
0.068303914
0.092862625
0.05295472
0.088915689
0.071593027
0.086777766
0.068523188
0.038372985
0.059697402
0.051858349
0.028396009
0.029656836
0.022420787
0.012882359
0.010086613
0.0310273
0.025983993
0.02609363
0.020556956
0.021762965
0.023188247
0.055476373
0.061341958
0.060245587
0.056079377
0.058491393
0.013759456
0.042100647
0.035851332
0.029218287
0.031575485
0.060958228
0.073182765
0.052132442
0.050049337
0.035686876
0.070551475
0.063260607
0.050268611
0.048569236
0.052899901
0.037934437
0.049994518
0.025490626
0.003837299
0.030040566
0.044567482
0.032288126
0.034151957
0.042100647
0.011950444
0.032014034
0.063589519
0.024503892
0.041497643
0.067536454
0.064850345
0.089737967
0.052461353
0.073292402
0.067810547
0.088586778
0.080802544
0.075101414
0.078226072
