0.27685432
0.275850714
0.276979771
0.276336836
0.276085934
0.275474361
0.276352517
0.276132978
0.276932727
0.276430924
0.277481574
0.277246354
0.278140191
0.276650463
0.276917046
0.277904971
0.2775443
0.277732476
0.278406774
0.278046103
0.277967696
0.277983378
0.279504469
0.280539439
0.27962992
0.277481574
0.278046103
0.27904971
0.278516544
0.279614239
0.278673357
0.278986984
0.279159479
0.277857927
0.277340442
0.276289791
0.276352517
0.276180022
0.275725263
0.276477968
0.276822958
0.276791595
0.278281324
0.277873608
0.278720401
0.278516544
0.278547907
0.277575663
0.277293398
0.277105222
0.275678219
0.276336836
0.276917046
0.277497256
0.278171554
0.277826564
0.276117297
0.27788929
0.276603419
0.276791595
0.276525012
0.277058178
0.276948408
0.275960483
0.274784381
0.273686687
0.274219853
0.273326015
0.275521405
0.276007527
0.275960483
0.274611886
0.274862788
0.275646856
0.274549161
0.276148659
0.277559981
0.278532225
0.278986984
0.277873608
0.279927866
0.280915791
0.279755371
0.279065391
0.27928493
0.27870472
0.278438137
0.277952015
0.278547907
0.277826564
0.277920652
0.27904971
0.279018347
0.278140191
0.279379018
0.279520151
0.278877215
0.279457425
0.279786734
0.277748157
0.277857927
0.277904971
0.278061785
0.278673357
0.278061785
0.277795202
0.278375412
0.277356124
0.276728869
0.276195703
0.275991846
0.277167947
0.276321154
0.276227066
0.277011134
0.276556374
0.276681825
0.277465893
0.276446605
0.276556374
0.276054571
0.275631175
0.275552768
0.274549161
0.275740944
0.275725263
0.276697507
0.277512937
0.276948408
0.277058178
0.277967696
0.278422456
0.282452564
0.286419947
0.288317391
0.293319743
0.297883017
0.313125294
0.323161361
0.341398777
0.347734044
0.367774816
0.381762584
0.388803513
0.399937275
0.408185667
0.406680257
0.414473891
0.407370237
0.401442685
0.40660185
0.3944488
0.387517642
0.38472636
0.378391093
0.371506978
0.364199467
0.358601223
0.355119962
0.352375725
0.347843814
0.345742512
0.344597773
0.341978987
0.339062255
0.337682296
0.334969421
0.333275835
0.330719774
0.331582249
0.329386859
0.328508703
0.325858554
0.324525639
0.321420731
0.318660812
0.318064921
0.315461816
0.315759762
0.31469343
0.314599341
0.313172338
0.313674141
0.313407558
0.311964874
0.310004704
0.308922691
0.307009566
0.30705661
0.306319586
0.306178454
0.306695939
0.304751451
0.303873295
0.301756312
0.302116983
0.302226752
0.302822644
0.300486122
0.297020543
0.297898698
0.294981966
0.293931316
0.292425906
0.292143641
0.286717892
0.287360828
0.287925357
0.286968794
0.287878313
0.286764936
0.285526109
0.282546652
0.281292144
0.280806022
0.2803199
0.280680571
0.280476713
0.279786734
0.278657676
0.277857927
0.278077466
0.277559981
0.277638388
0.277967696
0.277230673
0.276681825
0.277026815
0.277293398
0.276697507
0.276681825
0.27730908
0.275333229
0.274251215
0.274266897
0.27418849
0.274925514
0.275160734
0.273937588
0.274000314
0.274611886
0.273357378
0.274298259
0.271930375
0.273357378
0.274439392
0.274172809
0.27418849
0.274815744
0.273623961
0.272008782
0.270989493
0.272008782
0.272008782
0.272306727
0.271397209
0.269719304
0.270707229
0.270174063
0.27175788
0.271506978
0.271820605
0.272965344
0.272996707
0.272494904
0.272996707
0.272777168
0.273247609
0.273216246
0.273561236
0.273012388
0.272385134
0.272526266
0.27302807
0.273592598
0.27418849
0.273576917
0.274282578
0.275380273
0.273874863
0.2756939
0.27545868
0.273984632
0.273043751
0.273106476
0.272902619
0.272698761
0.2738435
0.274204171
0.273216246
0.272134232
0.272275365
0.270895405
0.270550416
0.27083268
0.271099263
0.272196958
0.270566097
0.272620354
0.274047358
0.271836287
