1.872047214910681305e+03
1.990663446496175084e+03
2.109182812006552922e+03
2.227599444854409285e+03
2.345907463649919009e+03
2.464100971579749057e+03
2.582174054638846428e+03
2.700120779671736727e+03
2.817935192491029738e+03
2.935611315450245911e+03
3.053143144981148453e+03
3.170524648494163557e+03
3.287749760646063805e+03
3.404812381970906245e+03
3.521706368824542551e+03
3.638425536774472675e+03
3.754963650040422635e+03
3.871314419015064232e+03
3.987471495218554992e+03
4.103428466486576326e+03
4.219178853087054449e+03
4.334716103927546101e+03
4.450033633820125033e+03
4.565124621748886966e+03
4.679982369808908516e+03
4.794600103869278428e+03
4.908970775542791671e+03
5.023087425041152528e+03
5.136942985966380547e+03
5.250530331226695125e+03
5.363842280387748360e+03
5.476871608228678269e+03
5.589611054640368820e+03
5.702053335275546488e+03
5.814191153386004771e+03
5.926017212350484442e+03
6.037524228703554400e+03
6.148704945750868319e+03
6.259552147343873912e+03
6.370058671934094491e+03
6.480217426519375294e+03
6.590021400414796517e+03
6.699463678843004345e+03
6.808537456088445651e+03
6.917236048135213423e+03
7.025552902761713995e+03
7.133481621709135652e+03
7.241015948730486343e+03
7.348149801444244076e+03
7.454877274335038237e+03
7.561192641381788235e+03
7.667090368409525581e+03
7.772565118718207486e+03
7.877611758822622505e+03
7.982225411693816568e+03
8.086401218590170174e+03
8.190134778838039892e+03
8.293421909768343539e+03
8.396258406108681811e+03
8.498640477533128433e+03
8.600564506621554756e+03
8.702027097140229671e+03
8.803025073213635551e+03
8.903555478050435340e+03
9.003615572043789143e+03
9.103202830440162870e+03
9.202314940634883897e+03
9.300949798943998758e+03
9.399105507201598812e+03
9.496780368907529919e+03
9.593972885106082686e+03
9.690681750110543362e+03
9.786905846930656480e+03
9.882644242496737206e+03
9.977896182876804232e+03
1.007266108817104578e+04
1.016693854740231291e+04
1.026072831340730772e+04
1.035403029749867710e+04
1.044684456425105600e+04
1.053917132616013441e+04
1.063101093834936182e+04
1.072236389334991873e+04
1.081323081573864874e+04
1.090361245705103465e+04
1.099350969052717664e+04
1.108292350609581445e+04
1.117185500535064057e+04
1.126030539656896144e+04
1.134827598993774154e+04
1.143576819277315371e+04
1.152278350487345233e+04
1.160932351403962457e+04
1.169538989151732312e+04
1.178098438781587174e+04
1.186610882846000823e+04
1.195076510982701984e+04
1.203495519533224069e+04
1.211868111141051122e+04
1.220194494390040745e+04
1.228474883439445875e+04
1.236709497671934514e+04
1.244898561360273015e+04
1.253042303336655459e+04
1.261140956681073476e+04
1.269194758413239288e+04
1.277203949210804967e+04
1.285168773111560586e+04
1.293089477261956199e+04
1.300966311640231106e+04
1.308799528815438498e+04
1.316589383709612775e+04
1.324336133361327666e+04
1.332040036713509289e+04
1.339701354391126370e+04
1.347320348514467878e+04
1.354897287232909548e+04
1.362432420849468144e+04
1.369926029045232644e+04
1.377378373299702798e+04
1.384789720449014385e+04
1.392160337775286098e+04
1.399490492877102042e+04
1.406780453514679357e+04
1.414030487502037067e+04
1.421240862558360823e+04
1.428411846201153639e+04
1.435543705638934262e+04
1.442636707651315555e+04
1.449691118498931974e+04
1.456707203828680758e+04
1.463685228573296081e+04
1.470625456879336707e+04
1.477528152019681329e+04
1.484393576316679355e+04
1.491221991079734471e+04
1.498013651857721197e+04
1.504768831740062160e+04
1.511487774576391530e+04
1.518170741647247269e+04
1.524817988242921092e+04
1.531429772953542852e+04
1.538006334346164658e+04
1.544547932824470990e+04
1.551054831908552660e+04
1.557527251809676818e+04
1.563965457632154175e+04
1.570369689676603775e+04
1.576740191277686063e+04
1.583077204119273301e+04
1.589380968281828791e+04
1.595651722087121561e+04
1.601889702214822501e+04
1.608095143612355605e+04
1.614268279503588019e+04
1.620409341364120155e+04
1.626518558924233184e+04
1.632596160143196721e+04
1.638642371214180093e+04
1.644657416553674557e+04
1.650641518739679668e+04
1.656594898764090613e+04
1.662517775528605489e+04
1.668410361791733158e+04
1.674272886690647283e+04
1.680105550225198022e+04
1.685908568843495232e+04
1.691682152643412337e+04
1.697426509935564900e+04
1.703141847253813467e+04
1.708828369352921800e+04
1.714486279218606796e+04
1.720115749645361211e+04
1.725717069854704096e+04
1.731290342452109689e+04
1.736835797406376514e+04
1.742353628896645751e+04
1.747844033855473390e+04
1.753307189667952480e+04
1.758743298759259778e+04
1.764152544200923876e+04
1.769535117168341458e+04
1.774891185294628303e+04
1.780220946125367118e+04
1.785524578110166476e+04
1.790802255630152649e+04
1.796054161111077337e+04
1.801280467648709600e+04
1.806481350007062065e+04
1.811656980895465676e+04
1.816807531429364099e+04
1.821933171145652159e+04
1.827034068079039571e+04
1.832110388737919129e+04
1.837162297858691090e+04
1.842189959221575918e+04
1.847193534558894316e+04
1.852173184404753556e+04
1.857129067765361833e+04
1.862061342212386444e+04
1.866970159564274945e+04
1.871855687417342779e+04
1.876718066163703043e+04
1.881557456270438342e+04
1.886373995434373865e+04
1.891167841378381490e+04
1.895939150378441991e+04
1.900688056113171115e+04
1.905414707972196993e+04
1.910119249926710108e+04
1.914801824300792578e+04
1.919462575032160748e+04
1.924101629736817631e+04
1.928719147451833851e+04
1.933315251077288121e+04
1.937890084977085644e+04
1.942443771391396876e+04
1.946976456873844290e+04
1.951488269757535090e+04
1.955979341501652743e+04
1.960449802235023526e+04
1.964899781246008934e+04
1.969329406370948709e+04
1.973738804473996788e+04
1.978128101264859288e+04
1.982497421358033898e+04
1.986846888269946430e+04
1.991176624436621569e+04
1.995486751231468588e+04
1.999777388963514022e+04
2.004048656905015014e+04
2.008300673291498242e+04
2.012533555336990321e+04
2.016747419245381388e+04
2.020942380224605222e+04
2.025118552495429685e+04
2.029276049295060875e+04
2.033414982903307828e+04
2.037535464644985041e+04
2.041637604894005199e+04
2.045721513098457945e+04
2.049787297778499851e+04
2.053835066521967747e+04
2.057864926112689500e+04
2.061876982280214725e+04
2.065871339991339482e+04
2.069848103303366224e+04
2.073807375418350057e+04
2.077749258678123806e+04
2.081673854585439403e+04
2.085581263810185555e+04
2.089471586113345256e+04
2.093344920739505324e+04
2.097201365684605844e+04
2.101041018160391468e+04
2.104863976735732285e+04
2.108670333236625083e+04
2.112460186432272531e+04
2.116233629219143768e+04
2.119990755267719214e+04
2.123731657487517805e+04
2.127456427337694549e+04
2.131165157589332375e+04
2.134857938002891387e+04
2.138534858393812465e+04
2.142196007897787422e+04
2.145841475371490378e+04
2.149471348523196139e+04
2.153085714490931423e+04
2.156684659734642992e+04
2.160268270019798001e+04
2.163836630327541206e+04
2.167389823101360162e+04
2.170927947760411189e+04
2.174451053781990777e+04
2.177959255286382904e+04
2.181452621900379745e+04
2.184931235867721261e+04
2.188395178114550072e+04
2.191844528693379834e+04
2.195279367217641629e+04
2.198699772555144591e+04
2.202105823033357592e+04
2.205497596393269851e+04
2.208875169807869679e+04
2.212238619868051683e+04
2.215588022614238798e+04
2.218923453515945221e+04
2.222244987514275999e+04
2.225552698949555634e+04
2.228846661636023418e+04
2.232126948547328357e+04
2.235393641745864079e+04
2.238646783134906946e+04
2.241886483989135013e+04
2.245112792740165605e+04
2.248325784624024527e+04
2.251525530018756399e+04
2.254712098371371030e+04
2.257885559761582044e+04
2.261045982076894143e+04
2.264193433870460649e+04
2.267327982912964580e+04
2.270449696507716726e+04
2.273558641491722301e+04
2.276654884232950644e+04
2.279738490645309139e+04
2.282809526184245260e+04
2.285868055858855223e+04
2.288914144226573626e+04
2.291947855412087665e+04
2.294969253093256702e+04
2.297978400520787545e+04
2.300975360517295849e+04
2.303960195475224464e+04
2.306932967373734573e+04
2.309893737768919163e+04
2.312842567807365776e+04
2.315779518225441643e+04
2.318704649357109156e+04
2.321618021134016817e+04
2.324519693088509302e+04
2.327409724358464882e+04
2.330288173696074227e+04
2.333155099461998179e+04
2.336010559636005564e+04
2.338854611808298068e+04
2.341687313193174487e+04
2.344508720598286527e+04
2.347318890387981082e+04
2.350117878083343749e+04
2.352905731371317233e+04
2.355682564298052603e+04
2.358448307846597891e+04
2.361203130787715418e+04
2.363947043296485936e+04
2.366680103166526897e+04
2.369402364459579621e+04
2.372113880583027276e+04
2.374814704549470844e+04
2.377504889009586987e+04
2.380184486282595390e+04
2.382853548350877463e+04
2.385512126876088587e+04
2.388160273188031351e+04
2.390798038301226188e+04
2.393425472912090845e+04
2.396042627405389430e+04
2.398649551846422037e+04
2.401246295996997651e+04
2.403832909315479264e+04
2.406409440946806353e+04
2.408975939746324366e+04
2.411532454260740997e+04
2.414079032739665490e+04
2.416615723152983628e+04
2.419142573164980786e+04
2.421659630154776460e+04
2.424166941219316141e+04
2.426664553166146652e+04
2.429152512523967744e+04
2.431630865537821228e+04
2.434099658183726569e+04
2.436558936156311029e+04
2.439008744873020260e+04
2.441449129496957539e+04
2.443880134904828810e+04
2.446301805719598633e+04
2.448714186290078942e+04
2.451117320713604568e+04
2.453511252819555739e+04
2.455896026182359128e+04
2.458271684121635553e+04
2.460638269701747777e+04
2.462995825739207794e+04
2.465344394787711281e+04
2.467684019174412970e+04
2.470014740959720802e+04
2.472336601973574579e+04
2.474649643799114710e+04
2.476953907775865446e+04
2.479249435010001616e+04
2.481536266372245154e+04
2.483814442486968619e+04
2.486084003766706883e+04
2.488344990368241997e+04
2.490597442236430288e+04
2.492841399081774580e+04
2.495076900387012938e+04
2.497303985412735710e+04
2.499522693204764437e+04
2.501733062566977969e+04
2.503935132106618403e+04
2.506128940198054988e+04
2.508314525006173426e+04
2.510491924479157751e+04
2.512661176353138944e+04
2.514822318150116553e+04
2.516975387188497916e+04
2.519120420568330519e+04
2.521257455192565612e+04
2.523386527751353060e+04
2.525507674736071203e+04
2.527620932429239110e+04
2.529726336922777045e+04
2.531823924095442635e+04
2.533913729641767713e+04
2.535995789049318773e+04
2.538070137609920494e+04
2.540136810435075677e+04
2.542195842419658948e+04
2.544247268295453978e+04
2.546291122578097929e+04
2.548327439613593378e+04
2.550356253548602763e+04
2.552377598353655412e+04
2.554391507806103255e+04
2.556398015502145063e+04
2.558397154857647547e+04
2.560388959106384937e+04
2.562373461303759905e+04
2.564350694324331198e+04
2.566320690865040888e+04
2.568283483452679866e+04
2.570239104425842015e+04
2.572187585967215637e+04
2.574128960073862618e+04
2.576063258574959764e+04
2.577990513128260500e+04
2.579910755229420829e+04
2.581824016197684978e+04
2.583730327185170972e+04
2.585629719185868453e+04
2.587522223024722916e+04
2.589407869361902340e+04
2.591286688694227269e+04
2.593158711362201211e+04
2.595023967543483741e+04
2.596882482437780709e+04
2.598734300346993041e+04
2.600579436534787237e+04
2.602417925363753602e+04
2.604249796217920812e+04
2.606075078230015424e+04
2.607893800809276945e+04
2.609705992554971817e+04
2.611511682364037551e+04
2.613310898964991793e+04
2.615103670523030087e+04
2.616890025690079710e+04
2.618669992543710396e+04
2.620443599119722785e+04
2.622210873312187323e+04
2.623971842867762462e+04
2.625726535392647565e+04
2.627474978349710000e+04
2.629217199050719501e+04
2.630953224679979030e+04
2.632683082276198547e+04
2.634406798735660050e+04
2.636124400817452988e+04
2.637835915151687004e+04
2.639541368217591662e+04
2.641240786365115491e+04
2.642934195816233841e+04
2.644621622647013646e+04
2.646303092805466440e+04
2.647978632109412865e+04
2.649648266238122233e+04
2.651312020752761600e+04
2.652969921064834489e+04
2.654621992477413369e+04
2.656268260148674017e+04
2.657908749121255460e+04
2.659543484299170814e+04
2.661172490470593402e+04
2.662795792294367493e+04
2.664413414299592114e+04
2.666025380902435791e+04
2.667631716384938773e+04
2.669232444912715073e+04
2.670827590527094071e+04
2.672417177152503427e+04
2.674001228590470419e+04
2.675579768517004049e+04
2.677152820501911265e+04
2.678720407984340636e+04
2.680282554298376999e+04
2.681839282645936328e+04
2.683390616132252762e+04
2.684936577724647941e+04
2.686477190295204127e+04
2.688012476595018234e+04
2.689542459257649534e+04
2.691067160812595466e+04
2.692586603667065719e+04
2.694100810122394978e+04
2.695609802374320861e+04
2.697113602500461275e+04
2.698612232469148512e+04
2.700105714148124753e+04
2.701594069287750244e+04
2.703077319535828792e+04
2.704555486431637109e+04
2.706028591407815475e+04
2.707496655791108060e+04
2.708959700737088497e+04
2.710417747579044953e+04
2.711870817112153600e+04
2.713318930320396612e+04
2.714762108010236989e+04
2.716200370890194972e+04
2.717633739567138764e+04
2.719062234538163830e+04
2.720485876212960648e+04
2.721904684888683914e+04
2.723318680779057831e+04
2.724727883974388897e+04
2.726132314489920827e+04
2.727531992235611324e+04
2.728926937013812858e+04
2.730317169552899577e+04
2.731702706328057320e+04
2.733083570080201753e+04
2.734459779126384456e+04
2.735831352786754724e+04
2.737198310274059622e+04
2.738560670683363423e+04
2.739918453003641844e+04
2.741271676062361075e+04
2.742620358484072131e+04
2.743964518559829594e+04
2.745304173848622304e+04
2.746639339925608510e+04
2.747969360729229447e+04
2.749297342672085142e+04
2.750617976356446525e+04
2.751935600177463857e+04
2.753248632787181486e+04
2.754557291161522880e+04
2.755861593369391630e+04
2.757161557226590958e+04
2.758457200574520175e+04
2.759748541137493157e+04
2.761035596558532052e+04
2.762318384396519468e+04
2.763596922123541663e+04
2.764871227134259607e+04
2.766141316731636834e+04
2.767407208142787931e+04
2.768668918514918187e+04
2.769926464904460954e+04
2.771179864292170168e+04
2.772429133577513130e+04
2.773674289585788938e+04
2.774915349048805001e+04
2.776152328626616509e+04
2.777385244914015129e+04
2.778614114395351498e+04
2.779838953505010431e+04
2.781059778584162632e+04
2.782276605913251842e+04
2.783489451672252835e+04
2.784698331986037738e+04
2.785903262889587495e+04
2.787104260345974762e+04
2.788301340252864611e+04
2.789494518418059306e+04
2.790683810578208795e+04
2.791869232409543838e+04
2.793050799496285254e+04
2.794228527357881467e+04
2.795402431449879805e+04
2.796572527133860422e+04
2.797738829714454550e+04
2.798901354427893966e+04
2.800060116429883783e+04
2.801215130801207124e+04
2.802366412570228931e+04
2.803513976679128245e+04
2.804657838002030257e+04
2.805798011355806739e+04
2.806934511469714198e+04
2.808067353016056950e+04
2.809196550604182266e+04
2.810322118755049087e+04
2.811444071945830729e+04
2.812562424574077886e+04
2.813677190967735078e+04
2.814788385391745760e+04
2.815896022051856926e+04
2.817000115079025636e+04
2.818100678533697646e+04
2.819197726428429451e+04
2.820291272700864647e+04
2.821381331217181287e+04
2.822467915792995700e+04
2.823551040172154535e+04
2.824630718039311978e+04
2.825706963010374966e+04
2.826779788643133725e+04
2.827849208430256112e+04
2.828915235802801908e+04
2.829977884131546307e+04
2.831037166732169499e+04
2.832093096837395206e+04
2.833145687643430210e+04
2.834194952276218100e+04
2.835240903791840901e+04
2.836283555210671693e+04
2.837322919464988445e+04
2.838359009453574981e+04
2.839391837989839405e+04
2.840421417858394125e+04
2.841447761757566332e+04
2.842470882345241262e+04
2.843490792219013747e+04
2.844507503909598381e+04
2.845521029902833470e+04
2.846531382613891401e+04
2.847538574423948739e+04
2.848542617627354048e+04
2.849543524487179820e+04
2.850541307204297118e+04
2.851535977911426016e+04
2.852527548705237496e+04
2.853516031617876797e+04
2.854501438626243180e+04
2.855483781655705388e+04
2.856463072574729813e+04
2.857439323195718316e+04
2.858412545295475138e+04
2.859382750569047494e+04
2.860349950679064204e+04
2.861314157233598598e+04
2.862275381771275352e+04
2.863233635807600149e+04
2.864188930783343676e+04
2.865141278094391964e+04
2.866090689083507459e+04
2.867037175043732714e+04
2.867980747229079861e+04
2.868921416817354839e+04
2.869859194956892316e+04
2.870794092741999339e+04
2.871726121209401390e+04
2.872655291361594936e+04
2.873581614125054693e+04
2.874505100408804356e+04
2.875425761054612667e+04
2.876343606857020859e+04
2.877258648567193086e+04
2.878170896885293041e+04
2.879080362457225056e+04
2.879987055901615895e+04
2.880890987764395322e+04
2.881792168562860388e+04
2.882690608759444149e+04
2.883586318769655918e+04
2.884479308967438919e+04
2.885369589673320297e+04
2.886257171168981949e+04
2.887142063686764959e+04
2.888024277417441408e+04
2.888903822496860812e+04
2.889780709028974888e+04
2.890654947062956489e+04
2.891526546606408374e+04
2.892395517626217043e+04
2.893261870036213804e+04
2.894125613718422392e+04
2.894986758502716111e+04
2.895845314176440661e+04
2.896701290486579819e+04
2.897554697130210116e+04
2.898405543777169078e+04
2.899253840031239451e+04
2.900099595479370328e+04
2.900942819925369986e+04
2.901783521999607183e+04
2.902621712039749400e+04
2.903457399142482245e+04
2.904290592685730007e+04
2.905121301979341661e+04
2.905949536317583625e+04
2.906775304932857762e+04
2.907598617042286060e+04
2.908419481794613603e+04
2.909237908320886345e+04
2.910053905693913475e+04
2.910867482965784438e+04
2.911678649129881887e+04
2.912487413156148250e+04
2.913293783966565388e+04
2.914097770446980212e+04
2.914899381442971571e+04
2.915698625765189354e+04
2.916495512175721888e+04
2.917290049411704604e+04
2.918082246168795245e+04
2.918872111099259928e+04
2.919659652817383176e+04
2.920444879910076270e+04
2.921227800916461274e+04
2.922008424343586739e+04
2.922786758664176159e+04
2.923562812301789018e+04
2.924336593660469953e+04
2.925108111094930064e+04
2.925877372929179546e+04
2.926644387461946826e+04
2.927409162923779149e+04
2.928171707544554738e+04
2.928932029502896330e+04
2.929690136940962839e+04
2.930446037970211546e+04
2.931199740665159334e+04
2.931951253071132305e+04
2.932700583180973626e+04
2.933447738736780229e+04
2.934192728400056512e+04
2.934935559337157611e+04
2.935676239667272966e+04
2.936414777219548341e+04
2.937151179801305261e+04
2.937885455176766845e+04
2.938617611239636972e+04
2.939347655219077569e+04
2.940075595248850368e+04
2.940801438821748161e+04
2.941525193528310410e+04
2.942246866942274573e+04
2.942966466603160006e+04
2.943684000011014359e+04
2.944399474651493438e+04
2.945112897958085523e+04
2.945824277182893275e+04
2.946533620165882166e+04
2.947240933804091765e+04
2.947946225567159490e+04
2.948649502730491440e+04
2.949350772554019204e+04
2.950050042258802569e+04
2.950747319029751452e+04
2.951442610045852052e+04
2.952135922420137285e+04
2.952827263269085233e+04
2.953516639651866717e+04
2.954204058614775568e+04
2.954889527170495057e+04
2.955573052297672621e+04
2.956254640954827119e+04
2.956934300051631726e+04
2.957612036497094232e+04
2.958287857145331145e+04
2.958961768836678675e+04
2.959633778374414396e+04
2.960303892536668718e+04
2.960972118081135704e+04
2.961638461716368329e+04
2.962302930143479534e+04
2.962965530024533291e+04
2.963626267997225659e+04
2.964285150671271549e+04
2.964942184615092265e+04
2.965597376411559526e+04
2.966250732553284979e+04
2.966902259561724350e+04
2.967551963895880908e+04
2.968199852005056528e+04
2.968845930306485752e+04
2.969490205195753515e+04
2.970132683023540812e+04
2.970773370141849955e+04
2.971412272845803454e+04
2.972049397481717460e+04
2.972684750161790726e+04
2.973318337256765881e+04
2.973950164927864898e+04
2.974580239358787003e+04
2.975208566692562817e+04
2.975835153069009175e+04
2.976460004596149520e+04
2.977083127339802377e+04
2.977704527355041500e+04
2.978324210680727992e+04
2.978942183310935070e+04
2.979558451222918302e+04
2.980173020372308383e+04
2.980785896694896655e+04
2.981397086081081216e+04
2.982006594421972841e+04
2.982614427567715029e+04
2.983220591351330950e+04
2.983825091578887441e+04
2.984427934033892234e+04
2.985029124477925870e+04
2.985628668648800158e+04
2.986226572246792421e+04
2.986822840978936802e+04
2.987417480492258983e+04
2.988010496445379249e+04
2.988601894442784396e+04
2.989191680085007101e+04
2.989779858950016205e+04
2.990366436586604323e+04
2.990951418509514770e+04
2.991534810238879436e+04
2.992116617247479735e+04
2.992696845002499686e+04
2.993275498929515743e+04
2.993852584457981720e+04
2.994428106969397413e+04
2.995002071839966084e+04
2.995574484412445963e+04
2.996145350020172555e+04
2.996714673974217658e+04
2.997282461538648568e+04
2.997848717998188295e+04
2.998413448578241150e+04
2.998976658506280728e+04
2.999538352977177783e+04
3.000098537169039264e+04
3.000657216236485692e+04
3.001214395317976232e+04
3.001770079529344366e+04
3.002324273951314171e+04
3.002876983682996070e+04
3.003428213750908617e+04
3.003977969428163124e+04
3.004526254719642020e+04
3.005073076258168658e+04
3.005618437808179078e+04
3.006162344681624381e+04
3.006704801791424325e+04
3.007245814045359293e+04
3.007785386330354231e+04
3.008323523532427498e+04
3.008860230498858436e+04
3.009395512055059226e+04
3.009929373338682126e+04
3.010461818092649992e+04
3.010992852240335196e+04
3.011522480097996595e+04
3.012050706561022889e+04
3.012577536094687093e+04
3.013102973513021425e+04
3.013627023490306601e+04
3.014149690705064495e+04
3.014670979772235660e+04
3.015190895342076328e+04
3.015709442006203972e+04
3.016226624351098508e+04
3.016742446949939404e+04
3.017256914353794127e+04
3.017770031090647535e+04
3.018281801674595044e+04
3.018792230606927114e+04
3.019301322360776248e+04
3.019809081397183763e+04
3.020315512166310509e+04
3.020820619078418531e+04
3.021324406557325347e+04
3.021826878985323856e+04
3.022328040726289692e+04
3.022827896152145695e+04
3.023326449592148128e+04
3.023823705368904848e+04
3.024319667779632800e+04
3.024814341120340760e+04
3.025307729655904041e+04
3.025799837642689090e+04
3.026290669315182458e+04
3.026780228884620738e+04
3.027268520563333368e+04
3.027755548539723895e+04
3.028241316978016403e+04
3.028725830027925258e+04
3.029209091833120692e+04
3.029691106507907898e+04
3.030171878164355803e+04
3.030651410886150552e+04
3.031129708743860829e+04
3.031606775798035233e+04
3.032082616080809748e+04
3.032557233631877170e+04
3.033030632445893571e+04
3.033502816515354425e+04
3.033973789833236879e+04
3.034443556341469593e+04
3.034912120002109077e+04
3.035379484735153528e+04
3.035845654462415041e+04
3.036310633080919433e+04
3.036774424483763869e+04
3.037237032525960967e+04
3.037698461074569423e+04
3.038158713966900541e+04
3.038617795025794840e+04
3.039075708058552118e+04
3.039532456864266351e+04
3.039988045223896916e+04
3.040442476904498835e+04
3.040895755653782544e+04
3.041347885206417413e+04
3.041798869287877460e+04
3.042248711605542121e+04
3.042697415855781219e+04
3.043144985714972063e+04
3.043591424842263223e+04
3.044036736898919116e+04
3.044480925512652902e+04
3.044923994306602253e+04
3.045365946899238043e+04
3.045806786866157563e+04
3.046246517812145248e+04
3.046685143286931998e+04
3.047122666848107110e+04
3.047559092033612978e+04
3.047994422375952126e+04
3.048428661383100916e+04
3.048861812548696616e+04
3.049293879366122928e+04
3.049724865308983863e+04
3.050154773821219351e+04
3.050583608368531713e+04
3.051011372374609709e+04
3.051438069247727253e+04
3.051863702408852623e+04
3.052288275248384161e+04
3.052711791143284790e+04
3.053134253454853751e+04
3.053555665555738960e+04
3.053976030761723086e+04
3.054395352421836651e+04
3.054813633850048063e+04
3.055230878341888456e+04
3.055647089195567969e+04
3.056062269676514188e+04
3.056476423069253724e+04
3.056889552610720420e+04
3.057301661559267086e+04
3.057712753120351408e+04
3.058122830535399407e+04
3.058531896989920278e+04
3.058939955688424016e+04
3.059347009805960988e+04
3.059753062505551861e+04
3.060158116952796627e+04
3.060562176284237285e+04
3.060965243640345943e+04
3.061367322133182097e+04
3.061768414875712551e+04
3.062168524966052792e+04
3.062567655485248542e+04
3.062965809507760423e+04
3.063362990103371703e+04
3.063759200312204121e+04
3.064154443175890628e+04
3.064548721727299198e+04
3.064942038977232369e+04
3.065334397931354397e+04
3.065725801587734531e+04
3.066116252929484472e+04
3.066505754911674740e+04
3.066894310518849670e+04
3.067281922678389310e+04
3.067668594344875964e+04
3.068054328430878013e+04
3.068439127868913420e+04
3.068822995555794841e+04
3.069205934373375567e+04
3.069587947227459154e+04
3.069969036978664008e+04
3.070349206481524743e+04
3.070728458603876425e+04
3.071106796187557848e+04
3.071484222037534346e+04
3.071860738995607244e+04
3.072236349871690982e+04
3.072611057456731942e+04
3.072984864533970540e+04
3.073357773901720793e+04
3.073729788296636252e+04
3.074100910508568631e+04
3.074471143259058954e+04
3.074840489303463619e+04
3.075208951356785110e+04
3.075576532136826063e+04
3.075943234368186677e+04
3.076309060720419075e+04
3.076674013896324686e+04
3.077038096570291236e+04
3.077401311402803185e+04
3.077763660619092843e+04
3.078125148168439773e+04
3.078485775405075037e+04
3.078845545376264636e+04
3.079204460693564033e+04
