7.197629939692126936e+04
7.598385128168706433e+04
7.956188743352470919e+04
8.275678126178539242e+04
8.561211045054788701e+04
8.816763868992913922e+04
9.045898618693549361e+04
9.251768773826678807e+04
9.437145329682480951e+04
9.604452037921153533e+04
9.755803426450483676e+04
9.893042057078583457e+04
1.001777320627894369e+05
1.013139617256715428e+05
1.023513199633116747e+05
1.033004769575254468e+05
1.041707728217303375e+05
1.049703988549618662e+05
1.057065533500923193e+05
1.063855752753440465e+05
1.070130588744464767e+05
1.075939519016581908e+05
1.081326398704266030e+05
1.086330183737103507e+05
1.090985552419300366e+05
1.095323440455818054e+05
1.099371502239433903e+05
1.103154509270539565e+05
1.106694694922129565e+05
1.110012053352837247e+05
1.113124599177688797e+05
1.116048593498603441e+05
1.118798741046901705e+05
1.121388362473791931e+05
1.123829545221103908e+05
1.126133275895534171e+05
1.128309556640068186e+05
1.130367507633498317e+05
1.132315457542039367e+05
1.134161023487283528e+05
1.135911181874273025e+05
1.137572331236319151e+05
1.139150348093886423e+05
1.140650636689104285e+05
1.142078173341557558e+05
1.143437546071850229e+05
1.144732990054535039e+05
1.145968419389034534e+05
1.147147455614524224e+05
1.148273453340739652e+05
1.149349523320062581e+05
1.150378553245951625e+05
1.151363226527924708e+05
1.152306039263036364e+05
1.153209315597503446e+05
1.154075221649256564e+05
1.154905778142268828e+05
1.155702871886082867e+05
1.156468266218740318e+05
1.157203610517982888e+05
1.157910448873895657e+05
1.158590228005877871e+05
1.159244304497799458e+05
1.159873951417216012e+05
1.160480364377498627e+05
1.161064667095515179e+05
1.161627916492004879e+05
1.162171107376920409e+05
1.162695176757687004e+05
1.163201007804489491e+05
1.163689433503283071e+05
1.164161240024195722e+05
1.164617169830250641e+05
1.165057924548941810e+05
1.165484167627031857e+05
1.165896526786971081e+05
1.166295596301652986e+05
1.166681939102620527e+05
1.167056088735460362e+05
1.167418551174881723e+05
1.167769806510790513e+05
1.168110310515738674e+05
1.168440496103113983e+05
1.168760774684688658e+05
1.169071537435341452e+05
1.169373156472121773e+05
1.169665985954198113e+05
1.169950363109674072e+05
1.170226609194775228e+05
1.170495030390411994e+05
1.170755918640752498e+05
1.171009552438032406e+05
1.171256197557488340e+05
1.171496107746010239e+05
1.171729525367783644e+05
1.171956682009973301e+05
1.172177799051237089e+05
1.172393088195637392e+05
1.172602751974350249e+05
1.172806984217346180e+05
1.173005970497089584e+05
1.173199888546125294e+05
1.173388908650290832e+05
1.173573194019164657e+05
1.173752901135240681e+05
1.173928180083212064e+05
1.174099174860636267e+05
1.174266023671187868e+05
1.174428859201592422e+05
1.174587808883271646e+05
1.174742995139653212e+05
1.174894535620036186e+05
1.175042543420844304e+05
1.175187127295016398e+05
1.175328391850292537e+05
1.175466437737015367e+05
1.175601361826110224e+05
1.175733257377813570e+05
1.175862214201689349e+05
1.175988318808445911e+05
1.176111654554038541e+05
1.176232301776486420e+05
1.176350337925830099e+05
1.176465837687620951e+05
1.176578873100299243e+05
1.176689513666808925e+05
1.176797826460773067e+05
1.176903876227519504e+05
1.177007725480251538e+05
1.177109434591622266e+05
1.177209061880959343e+05
1.177306663697380573e+05
1.177402294499013078e+05
1.177496006928528950e+05
1.177587851885188429e+05
1.177677878593575006e+05
1.177766134669190069e+05
1.177852666181080713e+05
1.177937517711636028e+05
1.178020732413718797e+05
1.178102352065243176e+05
1.178182417121349717e+05
1.178260966764283512e+05
1.178338038951090130e+05
1.178413670459255372e+05
1.178487896930360002e+05
1.178560752911876334e+05
1.178632271897173923e+05
1.178702486363838980e+05
1.178771427810376190e+05
1.178839126791374729e+05
1.178905612951210933e+05
1.178970915056357189e+05
1.179035061026367039e+05
1.179098077963577380e+05
1.179159992181630223e+05
1.179220829232815595e+05
1.179280613934328285e+05
1.179339370393475692e+05
1.179397122031877952e+05
1.179453891608722915e+05
1.179509701243088784e+05
1.179564572435416485e+05
1.179618526088130602e+05
1.179671582525471022e+05
1.179723761512561614e+05
1.179775082273752050e+05
1.179825563510251086e+05
1.179875223417110537e+05
1.179924079699555878e+05
1.179972149588711472e+05
1.180019449856742285e+05
1.180065996831433295e+05
1.180111806410225545e+05
1.180156894073751610e+05
1.180201274898862175e+05
1.180244963571196131e+05
1.180287974397280632e+05
1.180330321316212794e+05
1.180372017910910799e+05
1.180413077418971661e+05
1.180453512743149768e+05
1.180493336461453873e+05
1.180532560836902994e+05
1.180571197826939751e+05
1.180609259092506545e+05
1.180646756006830110e+05
1.180683699663881853e+05
1.180720100886564032e+05
1.180755970234612469e+05
1.180791318012233241e+05
1.180826154275481822e+05
1.180860488839392783e+05
1.180894331284875079e+05
1.180927690965379006e+05
1.180960577013339498e+05
1.180992998346406821e+05
1.181024963673481252e+05
1.181056481500541413e+05
1.181087560136286920e+05
1.181118207697608013e+05
1.181148432114859752e+05
1.181178241136988363e+05
1.181207642336480349e+05
1.181236643114161998e+05
1.181265250703841739e+05
1.181293472176813812e+05
1.181321314446216275e+05
1.181348784271250624e+05
1.181375888261280488e+05
1.181402632879791490e+05
1.181429024448241253e+05
1.181455069149779447e+05
1.181480773032865400e+05
1.181506142014775396e+05
1.181531181884987163e+05
1.181555898308493634e+05
1.181580296828981518e+05
1.181604382871948328e+05
1.181628161747701961e+05
1.181651638654284325e+05
1.181674818680306489e+05
1.181697706807699142e+05
1.181720307914387377e+05
1.181742626776874968e+05
1.181764668072774803e+05
1.181786436383244582e+05
1.181807936195367656e+05
1.181829171904459945e+05
1.181850147816309036e+05
1.181870868149358139e+05
1.181891337036814075e+05
1.181911558528714231e+05
1.181931536593917845e+05
1.181951275122053339e+05
1.181970777925410803e+05
1.181990048740769853e+05
1.182009091231199127e+05
1.182027908987780975e+05
1.182046505531311996e+05
1.182064884313937364e+05
1.182083048720758088e+05
1.182101002071382973e+05
1.182118747621440416e+05
1.182136288564057759e+05
1.182153628031289991e+05
1.182170769095516589e+05
1.182187714770801977e+05
1.182204468014214362e+05
1.182221031727119407e+05
1.182237408756426303e+05
1.182253601895820029e+05
1.182269613886936713e+05
1.182285447420535929e+05
1.182301105137617851e+05
1.182316589630532399e+05
1.182331903444041964e+05
1.182347049076371914e+05
1.182362028980223840e+05
1.182376845563767565e+05
1.182391501191609423e+05
1.182405998185733770e+05
1.182420338826416119e+05
1.182434525353126228e+05
1.182448559965397726e+05
1.182462444823676778e+05
1.182476182050155912e+05
1.182489773729582521e+05
1.182503221910047287e+05
1.182516528603756888e+05
1.182529695787784294e+05
1.182542725404801167e+05
1.182555619363795413e+05
1.182568379540768219e+05
1.182581007779416395e+05
1.182593505891793175e+05
1.182605875658964796e+05
1.182618118831639003e+05
1.182630237130783644e+05
1.182642232248232467e+05
1.182654105847272876e+05
1.182665859563225968e+05
1.182677495004001103e+05
1.182689013750652812e+05
1.182700417357915139e+05
1.182711707354720129e+05
1.182722885244719801e+05
1.182733952506773931e+05
1.182744910595451220e+05
1.182755760941495100e+05
1.182766504952297837e+05
1.182777144012353674e+05
1.182787679483704997e+05
1.182798112706376414e+05
1.182808444998800551e+05
1.182818677658236847e+05
1.182828811961173633e+05
1.182838849163727573e+05
1.182848790502036281e+05
1.182858637192632450e+05
1.182868390432818996e+05
1.182878051401031262e+05
1.182887621257193823e+05
1.182897101143068430e+05
1.182906492182589427e+05
1.182915795482205431e+05
1.182925012131197145e+05
1.182934143201997504e+05
1.182943189750505990e+05
1.182952152816391608e+05
1.182961033423389017e+05
1.182969832579597569e+05
1.182978551277758088e+05
1.182987190495536925e+05
1.182995751195804478e+05
1.183004234326893784e+05
1.183012640822868852e+05
1.183020971603780345e+05
1.183029227575916302e+05
1.183037409632049821e+05
1.183045518651677994e+05
1.183053555501261581e+05
1.183061521034451725e+05
1.183069416092316969e+05
1.183077241503572295e+05
1.183084998084785911e+05
1.183092686640597094e+05
1.183100307963926462e+05
1.183107862836176355e+05
1.183115352027435147e+05
1.183122776296667435e+05
1.183130136391911074e+05
1.183137433050465479e+05
1.183144666999073816e+05
1.183151838954100967e+05
1.183158949621719221e+05
1.183165999698075320e+05
1.183172989869458688e+05
1.183179920812478085e+05
1.183186793194213387e+05
1.183193607672386424e+05
1.183200364895508392e+05
1.183207065503043268e+05
1.183213710125550715e+05
1.183220299384840328e+05
1.183226833894116426e+05
1.183233314258114551e+05
1.183239741073251644e+05
1.183246114927749586e+05
1.183252436401786690e+05
1.183258706067610910e+05
1.183264924489683472e+05
1.183271092224801396e+05
1.183277209822216391e+05
1.183283277823772514e+05
1.183289296764002356e+05
1.183295267170268926e+05
1.183301189562862273e+05
1.183307064455126238e+05
1.183312892353561765e+05
1.183318673757937649e+05
1.183324409161395597e+05
1.183330099050566350e+05
1.183335743905653362e+05
1.183341344200552994e+05
1.183346900402940228e+05
1.183352412974377512e+05
1.183357882370400184e+05
1.183363309040616732e+05
1.183368693428800034e+05
1.183374035972976271e+05
1.183379337105516752e+05
1.183384597253222746e+05
1.183389816837411490e+05
1.183394996274003352e+05
1.183400135973603319e+05
1.183405236341574346e+05
1.183410297778137174e+05
1.183415320678424323e+05
1.183420305432574678e+05
1.183425252425802755e+05
1.183430162038471753e+05
1.183435034646170388e+05
1.183439870619783032e+05
1.183444670325560292e+05
1.183449434125186526e+05
1.183454162375848828e+05
1.183458855430308904e+05
1.183463513636958523e+05
1.183468137339895475e+05
1.183472726878978137e+05
1.183477282589893148e+05
1.183481804804215062e+05
1.183486293849465583e+05
1.183490750049173948e+05
1.183495173722936161e+05
1.183499565186470281e+05
1.183503924751674640e+05
1.183508252726681530e+05
1.183512549415911490e+05
1.183516815120127721e+05
1.183521050136490085e+05
1.183525254758605734e+05
1.183529429276572773e+05
1.183533573977047636e+05
1.183537689143274474e+05
1.183541775055147737e+05
1.183545831989254075e+05
1.183549860218917165e+05
1.183553860014247184e+05
1.183557831642189121e+05
1.183561775366555376e+05
1.183565691448087309e+05
1.183569580144476931e+05
1.183573441710430925e+05
1.183577276397697133e+05
1.183581084455110540e+05
1.183584866128636349e+05
1.183588621661407087e+05
1.183592351293754182e+05
1.183596055263266171e+05
1.183599733804802963e+05
1.183603387150548806e+05
1.183607015530046338e+05
1.183610619170228165e+05
1.183614198295453680e+05
1.183617753127547039e+05
1.183621283885827870e+05
1.183624790787148086e+05
1.183628274045924918e+05
1.183631733874168567e+05
1.183635170481521782e+05
1.183638584075286053e+05
1.183641974860460177e+05
1.183645343039756553e+05
1.183648688813650224e+05
1.183652012380391097e+05
1.183655313936050661e+05
1.183658593674530712e+05
1.183661851787613559e+05
1.183665088464970613e+05
1.183668303894203273e+05
1.183671498260866065e+05
1.183674671748488909e+05
1.183677824538609857e+05
1.183680956810799689e+05
1.183684068742681120e+05
1.183687160509965761e+05
1.183690232286468672e+05
1.183693284244136012e+05
1.183696316553071520e+05
1.183699329381554999e+05
1.183702322896073601e+05
1.183705297261333908e+05
1.183708252640297287e+05
1.183711189194189501e+05
1.183714107082531846e+05
1.183717006463159923e+05
1.183719887492245180e+05
1.183722750324312510e+05
1.183725595112269220e+05
1.183728422007411864e+05
1.183731231159464951e+05
1.183734022716583568e+05
1.183736796825378842e+05
1.183739553630944720e+05
1.183742293276864802e+05
1.183745015905238688e+05
1.183747721656697686e+05
1.183750410670424171e+05
1.183753083084169193e+05
1.183755739034266880e+05
1.183758378655659471e+05
1.183761002081906918e+05
1.183763609445205220e+05
1.183766200876407383e+05
1.183768776505035930e+05
1.183771336459298909e+05
1.183773880866108084e+05
1.183776409851093049e+05
1.183778923538616364e+05
1.183781422051793779e+05
1.183783905512498895e+05
1.183786374041386734e+05
1.183788827757910185e+05
1.183791266780323058e+05
1.183793691225707444e+05
1.183796101209976914e+05
1.183798496847900678e+05
1.183800878253108676e+05
1.183803245538107294e+05
1.183805598814294935e+05
1.183807938191973662e+05
1.183810263780363020e+05
1.183812575687607314e+05
1.183814874020800926e+05
1.183817158885988028e+05
1.183819430388176115e+05
1.183821688631356956e+05
1.183823933718509797e+05
1.183826165751617809e+05
1.183828384831675357e+05
1.183830591058706341e+05
1.183832784531768266e+05
1.183834965348963597e+05
1.183837133607461001e+05
1.183839289403489383e+05
1.183841432832368591e+05
1.183843563988499227e+05
1.183845682965386513e+05
1.183847789855648589e+05
1.183849884751020145e+05
1.183851967742374545e+05
1.183854038919720770e+05
1.183856098372221750e+05
1.183858146188195824e+05
1.183860182455140166e+05
1.183862207259726420e+05
1.183864220687807538e+05
1.183866222824449796e+05
1.183868213753911550e+05
1.183870193559674517e+05
1.183872162324444362e+05
1.183874120130157680e+05
1.183876067057991168e+05
1.183878003188372822e+05
1.183879928600991116e+05
1.183881843374797900e+05
1.183883747588018305e+05
1.183885641318164562e+05
1.183887524642034550e+05
1.183889397635727219e+05
1.183891260374646226e+05
1.183893112933505909e+05
1.183894955386346410e+05
1.183896787806534558e+05
1.183898610266768519e+05
1.183900422839093953e+05
1.183902225594903575e+05
1.183904018604951998e+05
1.183905801939349476e+05
1.183907575667583587e+05
1.183909339858514868e+05
1.183911094580393983e+05
1.183912839900854160e+05
1.183914575886932871e+05
1.183916302605069504e+05
1.183918020121108420e+05
1.183919728500317433e+05
1.183921427807380678e+05
1.183923118106418988e+05
1.183924799460976938e+05
1.183926471934050060e+05
1.183928135588072473e+05
1.183929790484937403e+05
1.183931436685989029e+05
1.183933074252039951e+05
1.183934703243373515e+05
1.183936323719744250e+05
1.183937935740389075e+05
1.183939539364032535e+05
1.183941134648881707e+05
1.183942721652651671e+05
1.183944300432552991e+05
1.183945871045304084e+05
1.183947433547135297e+05
1.183948987993791816e+05
1.183950534440545453e+05
1.183952072942188533e+05
1.183953603553057183e+05
1.183955126327006583e+05
1.183956641317446192e+05
1.183958148577325192e+05
1.183959648159147036e+05
1.183961140114968293e+05
1.183962624496405333e+05
1.183964101354639570e+05
1.183965570740418916e+05
1.183967032704064477e+05
1.183968487295478117e+05
1.183969934564136347e+05
1.183971374559108517e+05
1.183972807329050120e+05
1.183974232922208612e+05
1.183975651386434038e+05
1.183977062769174954e+05
1.183978467117485707e+05
1.183979864478031959e+05
1.183981254897096078e+05
1.183982638420570147e+05
1.183984015093972266e+05
1.183985384962448588e+05
1.183986748070769681e+05
1.183988104463337222e+05
1.183989454184195347e+05
1.183990797277019592e+05
1.183992133785135957e+05
1.183993463751516247e+05
1.183994787218772981e+05
1.183996104229183984e+05
1.183997414824678999e+05
1.183998719046850456e+05
1.184000016936945467e+05
1.184001308535893913e+05
1.184002593884277885e+05
1.184003873022365296e+05
1.184005145990096062e+05
1.184006412827088643e+05
1.184007673572646745e+05
1.184008928265756840e+05
1.184010176945096900e+05
1.184011419649032905e+05
1.184012656415625825e+05
1.184013887282638170e+05
1.184015112287527736e+05
1.184016331467462587e+05
1.184017544859307964e+05
1.184018752499644761e+05
1.184019954424757452e+05
1.184021150670655334e+05
1.184022341273055354e+05
1.184023526267402485e+05
1.184024705688853574e+05
1.184025879572302219e+05
1.184027047952359862e+05
1.184028210863372660e+05
1.184029368339418434e+05
1.184030520414305502e+05
1.184031667121589999e+05
1.184032808494559285e+05
1.184033944566246792e+05
1.184035075369426486e+05
1.184036200936626847e+05
1.184037321300117910e+05
1.184038436491925531e+05
1.184039546543829638e+05
1.184040651487366267e+05
1.184041751353826985e+05
1.184042846174271981e+05
1.184043935979514208e+05
1.184045020800138882e+05
1.184046100666493585e+05
1.184047175608699472e+05
1.184048245656648505e+05
1.184049310840007238e+05
1.184050371188210120e+05
1.184051426730478124e+05
1.184052477495808707e+05
1.184053523512980755e+05
1.184054564810558368e+05
1.184055601416887803e+05
1.184056633360105770e+05
1.184057660668135068e+05
1.184058683368696948e+05
1.184059701489298022e+05
1.184060715057242342e+05
1.184061724099632411e+05
1.184062728643368755e+05
1.184063728715150064e+05
1.184064724341481779e+05
1.184065715548669104e+05
1.184066702362825163e+05
1.184067684809870116e+05
1.184068662915529712e+05
1.184069636705348239e+05
1.184070606204674550e+05
1.184071571438675746e+05
1.184072532432339358e+05
1.184073489210456464e+05
1.184074441797649779e+05
1.184075390218356770e+05
1.184076334496842464e+05
1.184077274657188391e+05
1.184078210723305820e+05
1.184079142718931544e+05
1.184080070667630062e+05
1.184080994592796633e+05
1.184081914517657133e+05
1.184082830465269944e+05
1.184083742458529450e+05
1.184084650520161813e+05
1.184085554672732542e+05
1.184086454938647366e+05
1.184087351340147725e+05
1.184088243899316876e+05
1.184089132638083975e+05
1.184090017578219995e+05
1.184090898741340934e+05
1.184091776148907811e+05
1.184092649822230596e+05
1.184093519782470103e+05
1.184094386050636094e+05
1.184095248647586122e+05
1.184096107594038913e+05
1.184096962910558505e+05
1.184097814617574622e+05
1.184098662735360267e+05
1.184099507284057472e+05
1.184100348283660715e+05
1.184101185754031612e+05
1.184102019714883936e+05
1.184102850185800926e+05
1.184103677186224668e+05
1.184104500735467736e+05
1.184105320852700097e+05
1.184106137556970789e+05
1.184106950867188134e+05
1.184107760802126722e+05
1.184108567380440509e+05
1.184109370620650880e+05
1.184110170541152038e+05
1.184110967160208675e+05
1.184111760495963244e+05
1.184112550566432910e+05
1.184113337389512890e+05
1.184114120982974273e+05
1.184114901364465186e+05
1.184115678551516612e+05
1.184116452561542392e+05
1.184117223411825980e+05
1.184117991119549406e+05
1.184118755701764021e+05
1.184119517175418005e+05
1.184120275557335844e+05
1.184121030864232307e+05
1.184121783112707490e+05
1.184122532319252059e+05
1.184123278500242159e+05
1.184124021671946393e+05
1.184124761850526120e+05
1.184125499052030791e+05
1.184126233292399847e+05
1.184126964587476396e+05
1.184127692952988000e+05
1.184128418404560216e+05
1.184129140957716736e+05
1.184129860627872695e+05
1.184130577430350240e+05
1.184131291380361217e+05
1.184132002493018517e+05
1.184132710783336224e+05
1.184133416266231943e+05
1.184134118956519669e+05
1.184134818868920702e+05
1.184135516018054186e+05
1.184136210418449482e+05
1.184136902084534231e+05
1.184137591030646436e+05
1.184138277271025581e+05
1.184138960819824279e+05
1.184139641691101569e+05
1.184140319898814778e+05
1.184140995456844539e+05
1.184141668378970353e+05
1.184142338678891974e+05
1.184143006370211078e+05
1.184143671466449305e+05
1.184144333981031814e+05
1.184144993927303585e+05
1.184145651318525634e+05
1.184146306167863804e+05
1.184146958488409291e+05
1.184147608293163794e+05
1.184148255595047522e+05
1.184148900406898319e+05
1.184149542741467594e+05
1.184150182611431374e+05
1.184150820029379247e+05
1.184151455007822515e+05
1.184152087559197098e+05
1.184152717695850297e+05
1.184153345430061308e+05
1.184153970774026093e+05
1.184154593739861157e+05
1.184155214339612430e+05
1.184155832585243625e+05
1.184156448488649621e+05
1.184157062061638571e+05
1.184157673315960128e+05
1.184158282263277360e+05
1.184158888915185089e+05
1.184159493283209449e+05
1.184160095378792321e+05
1.184160695213316212e+05
1.184161292798086943e+05
1.184161888144340774e+05
1.184162481263243826e+05
1.184163072165889753e+05
1.184163660863307741e+05
1.184164247366459604e+05
1.184164831686234102e+05
1.184165413833453058e+05
1.184165993818876595e+05
1.184166571653191204e+05
1.184167147347021819e+05
1.184167720910930511e+05
1.184168292355404847e+05
1.184168861690876365e+05
1.184169428927710396e+05
1.184169994076210569e+05
1.184170557146610809e+05
1.184171118149089016e+05
1.184171677093756734e+05
1.184172233990668465e+05
1.184172788849810604e+05
1.184173341681115126e+05
1.184173892494450556e+05
1.184174441299626487e+05
1.184174988106393721e+05
1.184175532924439758e+05
1.184176075763396075e+05
1.184176616632838268e+05
1.184177155542280525e+05
1.184177692501185229e+05
1.184178227518949279e+05
1.184178760604918352e+05
1.184179291768383555e+05
1.184179821018571529e+05
1.184180348364668898e+05
1.184180873815792293e+05
1.184181397381005518e+05
1.184181919069332798e+05
1.184182438889724872e+05
1.184182956851096824e+05
1.184183472962294472e+05
1.184183987232123618e+05
1.184184499669330544e+05
1.184185010282610892e+05
1.184185519080614904e+05
1.184186026071933593e+05
1.184186531265109516e+05
1.184187034668637934e+05
1.184187536290956195e+05
1.184188036140463519e+05
1.184188534225499898e+05
1.184189030554364581e+05
1.184189525135296426e+05
1.184190017976499366e+05
1.184190509086119418e+05
1.184190998472262581e+05
1.184191486142978101e+05
1.184191972106278263e+05
1.184192456370120053e+05
1.184192938942421752e+05
1.184193419831048523e+05
1.184193899043825077e+05
1.184194376588529558e+05
1.184194852472896746e+05
1.184195326704606123e+05
1.184195799291311123e+05
1.184196270240603189e+05
1.184196739560040296e+05
1.184197207257137197e+05
1.184197673339358880e+05
1.184198137814133079e+05
1.184198600688838196e+05
1.184199061970819457e+05
1.184199521667375957e+05
1.184199979785764008e+05
1.184200436333194666e+05
1.184200891316846682e+05
1.184201344743852678e+05
1.184201796621305693e+05
1.184202246956255985e+05
1.184202695755716413e+05
1.184203143026662292e+05
1.184203588776021206e+05
1.184204033010694839e+05
1.184204475737527973e+05
1.184204916963342839e+05
1.184205356694919465e+05
1.184205794938986801e+05
1.184206231702256919e+05
1.184206666991387901e+05
1.184207100813007128e+05
1.184207533173704287e+05
1.184207964080030360e+05
1.184208393538500532e+05
1.184208821555594768e+05
1.184209248137755785e+05
1.184209673291393556e+05
1.184210097022871778e+05
1.184210519338529703e+05
1.184210940244668891e+05
1.184211359747550305e+05
1.184211777853412641e+05
1.184212194568443374e+05
1.184212609898811788e+05
1.184213023850636819e+05
1.184213436430020520e+05
1.184213847643020272e+05
1.184214257495661295e+05
1.184214665993935487e+05
1.184215073143808695e+05
1.184215478951205441e+05
1.184215883422018960e+05
1.184216286562117311e+05
1.184216688377330283e+05
1.184217088873452449e+05
1.184217488056253933e+05
1.184217885931471974e+05
1.184218282504811941e+05
1.184218677781940496e+05
1.184219071768504218e+05
1.184219464470118401e+05
1.184219855892358173e+05
1.184220246040784696e+05
1.184220634920904995e+05
1.184221022538220714e+05
1.184221408898189839e+05
1.184221794006242417e+05
1.184222177867784194e+05
1.184222560488190356e+05
1.184222941872803203e+05
1.184223322026940004e+05
1.184223700955882377e+05
1.184224078664894041e+05
1.184224455159207719e+05
1.184224830444023391e+05
1.184225204524518049e+05
1.184225577405836957e+05
1.184225949093099334e+05
1.184226319591399078e+05
1.184226688905803458e+05
1.184227057041349763e+05
1.184227424003048800e+05
1.184227789795886056e+05
1.184228154424817476e+05
1.184228517894782126e+05
1.184228880210680945e+05
1.184229241377397266e+05
1.184229601399783569e+05
1.184229960282669344e+05
1.184230318030860944e+05
1.184230674649132125e+05
1.184231030142237723e+05
1.184231384514909732e+05
1.184231737771847984e+05
1.184232089917725534e+05
1.184232440957205545e+05
1.184232790894918144e+05
1.184233139735463483e+05
1.184233487483425852e+05
1.184233834143363347e+05
1.184234179719810345e+05
1.184234524217275175e+05
1.184234867640245066e+05
1.184235209993187018e+05
1.184235551280535728e+05
1.184235891506715561e+05
1.184236230676118430e+05
1.184236568793115730e+05
1.184236905862055573e+05
1.184237241887265991e+05
1.184237576873052458e+05
1.184237910823693383e+05
1.184238243743456551e+05
1.184238575636574387e+05
1.184238906507266220e+05
1.184239236359727656e+05
1.184239565198132186e+05
1.184239893026627396e+05
1.184240219849350397e+05
1.184240545670409192e+05
1.184240870493891125e+05
1.184241194323866366e+05
1.184241517164382967e+05
1.184241839019465260e+05
1.184242159893120552e+05
1.184242479789335048e+05
1.184242798712071090e+05
1.184243116665283305e+05
1.184243433652893000e+05
1.184243749678801687e+05
1.184244064746896474e+05
1.184244378861050645e+05
1.184244692025103723e+05
1.184245004242890282e+05
1.184245315518208663e+05
1.184245625854859827e+05
1.184245935256608063e+05
1.184246243727203400e+05
1.184246551270383497e+05
1.184246857889857056e+05
1.184247163589323463e+05
1.184247468372455041e+05
1.184247772242913925e+05
1.184248075204342458e+05
1.184248377260356065e+05
1.184248678414560127e+05
1.184248978670548531e+05
1.184249278031881986e+05
1.184249576502111304e+05
1.184249874084774201e+05
1.184250170783381909e+05
1.184250466601436492e+05
1.184250761542417458e+05
1.184251055609784089e+05
1.184251348806991300e+05
1.184251641137464030e+05
