1.536090449098251007e-19
1.535818925192810183e-19
1.535530102202502205e-19
1.535223976552979726e-19
1.534900544443185519e-19
1.534559801843430881e-19
1.534201744488683282e-19
1.533826367883797676e-19
1.533433667291628457e-19
1.533023637733770461e-19
1.532596273985505562e-19
1.532151570571317912e-19
1.531689521759835236e-19
1.531210121558390734e-19
1.530713363706640789e-19
1.530199241669932784e-19
1.529667748631735238e-19
1.529118877485541434e-19
1.528552620826068402e-19
1.527968970939847788e-19
1.527367919795320077e-19
1.526749459032402786e-19
1.526113579951710321e-19
1.525460273503797652e-19
1.524789530278492588e-19
1.524101340494384536e-19
1.523395693988717699e-19
1.522672580207909962e-19
1.521931988198929789e-19
1.521173906601694328e-19
1.520398323642680384e-19
1.519605227129892684e-19
1.518794604449344243e-19
1.517966442563151858e-19
1.517120728009350013e-19
1.516257446903488203e-19
1.515376584942044397e-19
1.514478127407693666e-19
1.513562059176395841e-19
1.512628364726427648e-19
1.511677028148559560e-19
1.510708033159209655e-19
1.509721363113851464e-19
1.508717001022650594e-19
1.507694929567503668e-19
1.506655131120067925e-19
1.505597587761308680e-19
1.504522281301922851e-19
1.503429193303743021e-19
1.502318305101901526e-19
1.501189597827748532e-19
1.500043052432245108e-19
1.498878649709803348e-19
1.497696370322452219e-19
1.496496194824176256e-19
1.495278103685349361e-19
1.494042077317147160e-19
1.492788096095846227e-19
1.491516140386939614e-19
1.490226190568928101e-19
1.488918227056812695e-19
1.487592230322178225e-19
1.486248180930340676e-19
1.484886059533191161e-19
1.483505846919754706e-19
1.482107524022400175e-19
1.480691071939868371e-19
1.479256471956680836e-19
1.477803705561828597e-19
1.476332754466721345e-19
1.474843600622366495e-19
1.473336226253956478e-19
1.471810613785652993e-19
1.470266746027908729e-19
1.468704606056008835e-19
1.467124177221881928e-19
1.465525443240782103e-19
1.463908388156885568e-19
1.462272996363522538e-19
1.460619252613444125e-19
1.458947142028353045e-19
1.457256650107725819e-19
1.455547762736942128e-19
1.453820466194738157e-19
1.452074747159990926e-19
1.450310592717876691e-19
1.448527990365403422e-19
1.446726928016352251e-19
1.444907394005631044e-19
1.443069377093082681e-19
1.441212866466755047e-19
1.439337851745655593e-19
1.437444322982018637e-19
1.435532270663097202e-19
1.433601685712509238e-19
1.431652559491147146e-19
1.429684883797689832e-19
1.427698650868711765e-19
1.425693853378432362e-19
1.423670484438109324e-19
1.421628537595102152e-19
1.419568006831669881e-19
1.417488886563203563e-19
1.415391171636749317e-19
1.413274857328640879e-19
1.411139939342322581e-19
1.408986413805632584e-19
1.406814277268116929e-19
1.404623526698011847e-19
1.402414159479061157e-19
1.400186173407165629e-19
1.397939566686858777e-19
1.395674337927642773e-19
1.393390486140178721e-19
1.391088010732349329e-19
1.388766911505208200e-19
1.386427188648820546e-19
1.384068842738597419e-19
1.381691874728461310e-19
1.379296285950348053e-19
1.376882078106956905e-19
1.374449253267936720e-19
1.371997813865249278e-19
1.369527762688529714e-19
1.367039102880375454e-19
1.364531837931620227e-19
1.362005971676568107e-19
1.359461508288212154e-19
1.356898452273432585e-19
1.354316808468183399e-19
1.351716582032678028e-19
1.349097778446562961e-19
1.346460403504101474e-19
1.343804463309358081e-19
1.341129964271402005e-19
1.338436913099511858e-19
1.335725316798405827e-19
1.332995182663489932e-19
1.330246518276129862e-19
1.327479331498944244e-19
1.324693630471131134e-19
1.321889423603823157e-19
1.319066719575418327e-19
1.316225527327239246e-19
1.313365856058623903e-19
1.310487715222673467e-19
1.307591114521734053e-19
1.304676063902956489e-19
1.301742573553936013e-19
1.298790653898360394e-19
1.295820315591731233e-19
1.292831569517108147e-19
1.289824426780916011e-19
1.286798898708787607e-19
1.283754996841464271e-19
1.280692732930735322e-19
1.277612118935436210e-19
1.274513167017484961e-19
1.271395889537979273e-19
1.268260299053336475e-19
1.265106408311483313e-19
1.261934230248102796e-19
1.258743777982924132e-19
1.255535064816066350e-19
1.252308104224430069e-19
1.249062909858139586e-19
1.245799495537026364e-19
1.242517875247142382e-19
1.239218063137036346e-19
1.235900073528341490e-19
1.232563920852381908e-19
1.229209619756114825e-19
1.225837184998033852e-19
1.222446631493437238e-19
1.219037974298807139e-19
1.215611228611985118e-19
1.212166409768199912e-19
1.208703533237109448e-19
1.205222614619871499e-19
1.201723669646275737e-19
1.198206714171911412e-19
1.194671764175382937e-19
1.191118835755574588e-19
1.187547945128958052e-19
1.183959108626938980e-19
1.180352342693599310e-19
1.176727663881779212e-19
1.173085088852107613e-19
1.169424634370908237e-19
1.165746317305632020e-19
1.162050154624046290e-19
1.158336163391494895e-19
1.154604360768577456e-19
1.150854764008875323e-19
1.147087390456711002e-19
1.143302257544949458e-19
1.139499382792830727e-19
1.135678783803851390e-19
1.131840478263665552e-19
1.127984483938045041e-19
1.124110818670848033e-19
1.120219500382044491e-19
1.116310547065768572e-19
1.112383976788399675e-19
1.108439807686684902e-19
1.104478057965891849e-19
1.100498745897989567e-19
1.096501889819869241e-19
1.092487508131590874e-19
1.088455619294659580e-19
1.084406241830750855e-19
1.080339394318446973e-19
1.076255095393844735e-19
1.072153363747342777e-19
1.068034218131313514e-19
1.063897677335999883e-19
1.059743760143714925e-19
1.055572485586470785e-19
1.051383872508163921e-19
1.047177939916147834e-19
1.042954706844112996e-19
1.038714192367647285e-19
1.034456415603766891e-19
1.030181395709742233e-19
1.025889151881829242e-19
1.021579703353990671e-19
1.017253069396611256e-19
1.012909269315386452e-19
1.008548322449890030e-19
1.004170248172528651e-19
9.997750658873199864e-20
9.953627950287408917e-20
9.909334550605909877e-20
9.864870654748726112e-20
9.820236457907055538e-20
9.775432155532427630e-20
9.730457943326208315e-20
9.685314017229199942e-20
9.640000573411509690e-20
9.594517808262521494e-20
9.548865918381100281e-20
9.503045100565970746e-20
9.457055551806270666e-20
9.410897469272218569e-20
9.364571050306078710e-20
9.318076492413163369e-20
9.271413993253053019e-20
9.224583750631000661e-20
9.177585962489432449e-20
9.130420826899673420e-20
9.083088542053755066e-20
9.035589306256439575e-20
8.987923317917345191e-20
8.940090775543187115e-20
8.892091877730296481e-20
8.843926823157061071e-20
8.795595810576735586e-20
8.747099038810218199e-20
8.698436706739014897e-20
8.649609013298343443e-20
8.600616157476727731e-20
8.551458338283885312e-20
8.502135754782618382e-20
8.452648606055583069e-20
8.402997091201470071e-20
8.353181409352600434e-20
8.303201759630654441e-20
8.253058341166655543e-20
8.202751353088656443e-20
8.152280994515946865e-20
8.101647464553455112e-20
8.050850962286301297e-20
7.999891686774206131e-20
7.948769837046313778e-20
7.897485612095905178e-20
7.846039210878118230e-20
7.794430832294140720e-20
7.742660675201848677e-20
7.690728938401022454e-20
7.638635820631208942e-20
7.586381520568020181e-20
7.533966236830271330e-20
7.481390167830258876e-20
7.428653512226019543e-20
7.375756468254407231e-20
7.322699234217177271e-20
7.269482008305795413e-20
7.216104988614612389e-20
7.162568373138126686e-20
7.108872359767242223e-20
7.055017146285459823e-20
7.001002930365179432e-20
6.946829909563890383e-20
6.892498281320615652e-20
6.838008242952263423e-20
6.783359991663620259e-20
6.728553724491034497e-20
6.673589638361525453e-20
6.618467930098730931e-20
6.563188796343062980e-20
6.507752433606360975e-20
6.452159038252066574e-20
6.396408806466816250e-20
6.340501934350524260e-20
6.284438618182182641e-20
6.228219052959452607e-20
6.171843434763265969e-20
6.115311958955757756e-20
6.058624820797305289e-20
6.001782215385698880e-20
5.944784337649082099e-20
5.887631382342619916e-20
5.830323544045668784e-20
5.772861017159276543e-20
5.715243995903601677e-20
5.657472674315443302e-20
5.599547246246468113e-20
5.541467905360090375e-20
5.483234845129748215e-20
5.424848258836569639e-20
5.366308339567286503e-20
5.307615280212024514e-20
5.248769273462294844e-20
5.189770511808961674e-20
5.130619187540248851e-20
5.071315492739837437e-20
5.011859619284868155e-20
4.952251758844203840e-20
4.892492102876455961e-20
4.832580842628331334e-20
4.772518169132779012e-20
4.712304273207378527e-20
4.651939345452524695e-20
4.591423576249877250e-20
4.530757155760724399e-20
4.469940273924416803e-20
4.408973120456779286e-20
4.347855884848654954e-20
4.286588756364432457e-20
4.225171924040488999e-20
4.163605576683924035e-20
4.101889902871067884e-20
4.040025090946158247e-20
3.978011329020039008e-20
3.915848804968825320e-20
3.853537706432627073e-20
3.791078220814352416e-20
3.728470535278495015e-20
3.665714836749894242e-20
3.602811311912605493e-20
3.539760147208787364e-20
3.476561528837585815e-20
3.413215642753988840e-20
3.349722674667914666e-20
3.286082810043028504e-20
3.222296234095821115e-20
3.158363131794604315e-20
3.094283687858546809e-20
3.030058086756729881e-20
2.965686512707247625e-20
2.901169149676339073e-20
2.836506181377444488e-20
2.771697791270417539e-20
2.706744162560708889e-20
2.641645478198496213e-20
2.576401920877962879e-20
2.511013673036498987e-20
2.445480916853935213e-20
2.379803834251875651e-20
2.313982606892971075e-20
2.248017416180130819e-20
2.181908443256046401e-20
2.115655869002380834e-20
2.049259874039192048e-20
1.982720638724316891e-20
1.916038343152779213e-20
1.849213167156187101e-20
1.782245290302174671e-20
1.715134891893870923e-20
1.647882150969391781e-20
1.580487246301242153e-20
1.512950356395882898e-20
1.445271659493268597e-20
1.377451333566282423e-20
1.309489556320408270e-20
1.241386505193157046e-20
1.173142357353789665e-20
1.104757289702786968e-20
1.036231478871485297e-20
9.675651012217483382e-21
8.987583328455494339e-21
8.298113495646237124e-21
7.607243269301477516e-21
6.914974402223533391e-21
6.221308644503014018e-21
5.526247743515373695e-21
4.829793443917600805e-21
4.131947487646131641e-21
3.432711613913889293e-21
2.732087559207510980e-21
2.030077057285562056e-21
1.326681839175464865e-21
6.219036331717541180e-22
-8.425583516560523922e-23
-7.917948430146507030e-22
-1.500711670291525375e-21
-2.211004599653041008e-21
-2.922671916498472048e-21
-3.635711908970820324e-21
-4.350122867958682673e-21
-5.065903087096847713e-21
-5.783050862768605460e-21
-6.501564494105415550e-21
-7.221442282989930051e-21
-7.942682534054594905e-21
-8.665283554684953347e-21
-9.389243655018645331e-21
-1.011456114794677523e-20
-1.084123434911482065e-20
-1.156926157692277535e-20
-1.229864115252490100e-20
-1.302937139983195703e-20
-1.376145064550920097e-20
-1.449487721897872968e-20
-1.522964945241776555e-20
-1.596576568075981359e-20
-1.670322424169438153e-20
-1.744202347566657962e-20
-1.818216172648362003e-20
-1.892363733888939097e-20
-1.966644866220061840e-20
-2.041059404788316150e-20
-2.115607185015659514e-20
-2.190288042599448072e-20
-2.265101813512279534e-20
-2.340048334001998897e-20
-2.415127440591593120e-20
-2.490338970079137562e-20
-2.565682759537626257e-20
-2.641158646315026683e-20
-2.716766468033988463e-20
-2.792506062591942375e-20
-2.868377268160799121e-20
-2.944379923186944210e-20
-3.020513866391093818e-20
-3.096778936768148535e-20
-3.173174973587060357e-20
-3.249701816390711709e-20
-3.326359304995737908e-20
-3.403147279492388725e-20
-3.480065580244407422e-20
-3.557114047888756302e-20
-3.634292523335637173e-20
-3.711600847768124821e-20
-3.789038862642112239e-20
-3.866606409686068081e-20
-3.944303330900906062e-20
-4.022129468559738194e-20
-4.100084665207697244e-20
-4.178168763661732100e-20
-4.256381607010461524e-20
-4.334723038613840722e-20
-4.413192902103092736e-20
-4.491791041380343719e-20
-4.570517300618539879e-20
-4.649371524261099009e-20
-4.728353557021817194e-20
-4.807463243884464976e-20
-4.886700430102700678e-20
-4.966064961199709299e-20
-5.045556682968090566e-20
-5.125175441469454489e-20
-5.204921083034311826e-20
-5.284793454261684680e-20
-5.364792402018989744e-20
-5.444917773441642277e-20
-5.525169415932866524e-20
-5.605547177163337614e-20
-5.686050905071106323e-20
-5.766680447861089912e-20
-5.847435654004869901e-20
-5.928316372240525960e-20
-6.009322451572166461e-20
-6.090453741269781626e-20
-6.171710090868847512e-20
-6.253091350170092486e-20
-6.334597369239198710e-20
-6.416227998406489174e-20
-6.497983088266584644e-20
-6.579862489678161714e-20
-6.661866053763643453e-20
-6.743993631908786537e-20
-6.826245075762482634e-20
-6.908620237236414146e-20
-6.991118968504687078e-20
-7.073741122003561407e-20
-7.156486550431111641e-20
-7.239355106746875330e-20
-7.322346644171534088e-20
-7.405461016186684890e-20
-7.488698076534342938e-20
-7.572057679216687681e-20
-7.655539678495753462e-20
-7.739143928893085259e-20
-7.822870285189369143e-20
-7.906718602424132563e-20
-7.990688735895392856e-20
-8.074780541159368362e-20
-8.158993874030187125e-20
-8.243328590579513745e-20
-8.327784547136419379e-20
-8.412361600287226460e-20
-8.497059606875487032e-20
-8.581878424002512380e-20
-8.666817909028911369e-20
-8.751877919579026097e-20
-8.837058313555981839e-20
-8.922358949209148756e-20
-9.007779685728320178e-20
-9.093320368399389681e-20
-9.178980886096055030e-20
-9.264761074171265836e-20
-9.350660797668101715e-20
-9.436679916531407199e-20
-9.522818290722101116e-20
-9.609075780933478079e-20
-9.695452246524479825e-20
-9.781947548704676583e-20
-9.868561548416468762e-20
-9.955294107037342406e-20
-1.004214508394589096e-19
-1.012911434262350198e-19
-1.021620174650049338e-19
-1.030340715559052680e-19
-1.039073043261458931e-19
-1.047817144026916655e-19
-1.056573004145583405e-19
-1.065340609931140402e-19
-1.074119947721487557e-19
-1.082911003878946053e-19
-1.091713764790324911e-19
-1.100528216866901373e-19
-1.109354346544424867e-19
-1.118192140283072236e-19
-1.127041584567432445e-19
-1.135902665906451216e-19
-1.144775370833406229e-19
-1.153659685905861861e-19
-1.162555597705634765e-19
-1.171463092838748362e-19
-1.180382157935406851e-19
-1.189312779649931404e-19
-1.198254944660744039e-19
-1.207208639670334401e-19
-1.216173851405129998e-19
-1.225150566615619222e-19
-1.234138772076180180e-19
-1.243138454585069144e-19
-1.252149600964399597e-19
-1.261172198060093854e-19
-1.270206232741833703e-19
-1.279251691903029353e-19
-1.288308562460778025e-19
-1.297376831355810266e-19
-1.306456485555144847e-19
-1.315547512041306440e-19
-1.324649897828411708e-19
-1.333763629951359786e-19
-1.342888695468480189e-19
-1.352025081461498870e-19
-1.361172775035497295e-19
-1.370331763318867662e-19
-1.379502033463272219e-19
-1.388683572643605705e-19
-1.397876368057952504e-19
-1.407080406927536321e-19
-1.416295676496688413e-19
-1.425522164032814120e-19
-1.434759856826322571e-19
-1.444008742190616093e-19
-1.453268807462028819e-19
-1.462540039999797317e-19
-1.471822427186009797e-19
-1.481115956425569758e-19
-1.490420615146145189e-19
-1.499736390798147388e-19
-1.509063270854664512e-19
-1.518401242811434861e-19
-1.527750294186802095e-19
-1.537110412521673108e-19
-1.546481585379472764e-19
-1.555863800346109478e-19
-1.565257045029924893e-19
-1.574661307061660664e-19
-1.584076574094409826e-19
-1.593502833803575144e-19
-1.602940073886834691e-19
-1.612388282064089121e-19
-1.621847446077432545e-19
-1.631317553691098116e-19
-1.640798592691423611e-19
-1.650290550886804240e-19
-1.659793416107666407e-19
-1.669307176206397173e-19
-1.678831819057332220e-19
-1.688367332556699034e-19
-1.697913704622566592e-19
-1.707470923194831155e-19
-1.717038976235146697e-19
-1.726617851726890000e-19
-1.736207537675138256e-19
-1.745808022106596132e-19
-1.755419293069582283e-19
-1.765041338633967483e-19
-1.774674146891139479e-19
-1.784317705953969763e-19
-1.793972003956763985e-19
-1.803637029055215728e-19
-1.813312769426371121e-19
-1.822999213268591760e-19
-1.832696348801508973e-19
-1.842404164265969170e-19
-1.852122647924017712e-19
-1.861851788058837761e-19
-1.871591572974715618e-19
-1.881341990997002203e-19
-1.891103030472062014e-19
-1.900874679767243761e-19
-1.910656927270832699e-19
-1.920449761392007772e-19
-1.930253170560801172e-19
-1.940067143228062952e-19
-1.949891667865413833e-19
-1.959726732965200918e-19
-1.969572327040465423e-19
-1.979428438624898868e-19
-1.989295056272793964e-19
-1.999172168559015485e-19
-2.009059764078949467e-19
-2.018957831448471194e-19
-2.028866359303894642e-19
-2.038785336301937809e-19
-2.048714751119679625e-19
-2.058654592454519267e-19
-2.068604849024141971e-19
-2.078565509566465833e-19
-2.088536562839606174e-19
-2.098517997621839671e-19
-2.108509802711559824e-19
-2.118511966927235783e-19
-2.128524479107372630e-19
-2.138547328110468285e-19
-2.148580502814981488e-19
-2.158623992119278834e-19
-2.168677784941609015e-19
-2.178741870220041192e-19
-2.188816236912456808e-19
-2.198900873996471825e-19
-2.208995770469425177e-19
-2.219100915348325317e-19
-2.229216297669817001e-19
-2.239341906490130726e-19
-2.249477730885057219e-19
-2.259623759949894468e-19
-2.269779982799414019e-19
-2.279946388567823423e-19
-2.290122966408716161e-19
-2.300309705495041789e-19
-2.310506595019071276e-19
-2.320713624192336816e-19
-2.330930782245610641e-19
-2.341158058428855916e-19
-2.351395442011198804e-19
-2.361642922280872623e-19
-2.371900488545186545e-19
-2.382168130130494297e-19
-2.392445836382134464e-19
-2.402733596664420374e-19
-2.413031400360566429e-19
-2.423339236872676074e-19
-2.433657095621693641e-19
-2.443984966047361985e-19
-2.454322837608190224e-19
-2.464670699781400772e-19
-2.475028542062911526e-19
-2.485396353967284831e-19
-2.495774125027684625e-19
-2.506161844795847554e-19
-2.516559502842036261e-19
-2.526967088755005692e-19
-2.537384592141968901e-19
-2.547812002628542170e-19
-2.558249309858724778e-19
-2.568696503494848934e-19
-2.579153573217551848e-19
-2.589620508725722285e-19
-2.600097299736481309e-19
-2.610583935985123539e-19
-2.621080407225095484e-19
-2.631586703227954137e-19
-2.642102813783322193e-19
-2.652628728698853387e-19
-2.663164437800204081e-19
-2.673709930930975010e-19
-2.684265197952695391e-19
-2.694830228744768514e-19
-2.705405013204451041e-19
-2.715989541246790893e-19
-2.726583802804620026e-19
-2.737187787828491363e-19
-2.747801486286808305e-19
-2.758424888165180994e-19
-2.769057983467276128e-19
-2.779700762214202590e-19
-2.790353214444459930e-19
-2.801015330214516620e-19
-2.811687099597844210e-19
-2.822368512685508580e-19
-2.833059559585974942e-19
-2.843760230425061140e-19
-2.854470515345915013e-19
-2.865190404508971550e-19
-2.875919888091908590e-19
-2.886658956289623230e-19
-2.897407599314191381e-19
-2.908165807394827324e-19
-2.918933570777845187e-19
-2.929710879726636323e-19
-2.940497724521624525e-19
-2.951294095460213068e-19
-2.962099982856785187e-19
-2.972915377042638597e-19
-2.983740268365955159e-19
-2.994574647191775845e-19
-3.005418503901951622e-19
-3.016271828895117940e-19
-3.027134612586655244e-19
-3.038006845408652866e-19
-3.048888517809857990e-19
-3.059779620255686722e-19
-3.070680143228131164e-19
-3.081590077225760382e-19
-3.092509412763671288e-19
-3.103438140373463127e-19
-3.114376250603194140e-19
-3.125323734017339676e-19
-3.136280581196785454e-19
-3.147246782738753892e-19
-3.158222329256798329e-19
-3.169207211380758735e-19
-3.180201419756722703e-19
-3.191204945046996084e-19
-3.202217777930067834e-19
-3.213239909100580169e-19
-3.224271329269268373e-19
-3.235312029162974283e-19
-3.246361999524563472e-19
-3.257421231112920918e-19
-3.268489714702897559e-19
-3.279567441085300659e-19
-3.290654401066835557e-19
-3.301750585470079659e-19
-3.312855985133452108e-19
-3.323970590911176711e-19
-3.335094393673255454e-19
-3.346227384305415544e-19
-3.357369553709097848e-19
-3.368520892801414526e-19
-3.379681392515109065e-19
-3.390851043798527395e-19
-3.402029837615588995e-19
-3.413217764945750784e-19
-3.424414816783970048e-19
-3.435620984140676992e-19
-3.446836258041735263e-19
-3.458060629528411130e-19
-3.469294089657347490e-19
-3.480536629500520528e-19
-3.491788240145211797e-19
-3.503048912693974027e-19
-3.514318638264600798e-19
-3.525597407990088497e-19
-3.536885213018615618e-19
-3.548182044513484982e-19
-3.559487893653133368e-19
-3.570802751631045328e-19
-3.582126609655773407e-19
-3.593459458950864477e-19
-3.604801290754857814e-19
-3.616152096321229723e-19
-3.627511866918373801e-19
-3.638880593829568676e-19
-3.650258268352947189e-19
-3.661644881801454032e-19
-3.673040425502824554e-19
-3.684444890799549616e-19
-3.695858269048842852e-19
-3.707280551622612259e-19
-3.718711729907422644e-19
-3.730151795304467213e-19
-3.741600739229543499e-19
-3.753058553113010511e-19
-3.764525228399761769e-19
-3.776000756549188712e-19
-3.787485129035169143e-19
-3.798978337346010413e-19
-3.810480372984437867e-19
-3.821991227467547657e-19
-3.833510892326788928e-19
-3.845039359107933485e-19
-3.856576619371031014e-19
-3.868122664690390787e-19
-3.879677486654544105e-19
-3.891241076866225522e-19
-3.902813426942325656e-19
-3.914394528513875787e-19
-3.925984373226002593e-19
-3.937582952737910338e-19
-3.949190258722848612e-19
-3.960806282868072365e-19
-3.972431016874824097e-19
-3.984064452458302078e-19
-3.995706581347620384e-19
-4.007357395285786749e-19
-4.019016886029675122e-19
-4.030685045349992925e-19
-4.042361865031240610e-19
-4.054047336871705396e-19
-4.065741452683413126e-19
-4.077444204292093113e-19
-4.089155583537186813e-19
-4.100875582271759709e-19
-4.112604192362523459e-19
-4.124341405689781974e-19
-4.136087214147403970e-19
-4.147841609642796970e-19
-4.159604584096884671e-19
-4.171376129444059282e-19
-4.183156237632171891e-19
-4.194944900622497318e-19
-4.206742110389698965e-19
-4.218547858921813895e-19
-4.230362138220203231e-19
-4.242184940299546388e-19
-4.254016257187791953e-19
-4.265856080926150950e-19
-4.277704403569044356e-19
-4.289561217184095880e-19
-4.301426513852091517e-19
-4.313300285666952584e-19
-4.325182524735707799e-19
-4.337073223178474980e-19
-4.348972373128422046e-19
-4.360879966731727054e-19
-4.372795996147585421e-19
-4.384720453548155038e-19
-4.396653331118525451e-19
-4.408594621056711121e-19
-4.420544315573610019e-19
-4.432502406892975696e-19
-4.444468887251387437e-19
-4.456443748898238699e-19
-4.468426984095685115e-19
-4.480418585118645455e-19
-4.492418544254752517e-19
-4.504426853804323271e-19
-4.516443506080361754e-19
-4.528468493408490693e-19
-4.540501808126956324e-19
-4.552543442586590835e-19
-4.564593389150777700e-19
-4.576651640195437234e-19
-4.588718188108989036e-19
-4.600793025292344288e-19
-4.612876144158847012e-19
-4.624967537134277922e-19
-4.637067196656808205e-19
-4.649175115176990849e-19
-4.661291285157714424e-19
-4.673415699074184784e-19
-4.685548349413911590e-19
-4.697689228676658227e-19
-4.709838329374432184e-19
-4.721995644031460011e-19
-4.734161165184151690e-19
-4.746334885381068859e-19
-4.758516797182929626e-19
-4.770706893162545974e-19
-4.782905165904814137e-19
-4.795111608006696298e-19
-4.807326212077186886e-19
-4.819548970737271173e-19
-4.831779876619936823e-19
-4.844018922370114195e-19
-4.856266100644668633e-19
-4.868521404112365804e-19
-4.880784825453855325e-19
-4.893056357361633207e-19
-4.905335992540034155e-19
-4.917623723705194971e-19
-4.929919543585016036e-19
-4.942223444919169018e-19
-4.954535420459050643e-19
-4.966855462967748034e-19
-4.979183565220037745e-19
-4.991519720002353021e-19
-5.003863920112744318e-19
-5.016216158360872557e-19
-5.028576427567980242e-19
-5.040944720566858716e-19
-5.053321030201834677e-19
-5.065705349328738403e-19
-5.078097670814876792e-19
-5.090497987539018909e-19
-5.102906292391370958e-19
-5.115322578273534867e-19
-5.127746838098501555e-19
-5.140179064790631665e-19
-5.152619251285604531e-19
-5.165067390530422992e-19
-5.177523475483374876e-19
-5.189987499114004104e-19
-5.202459454403108773e-19
-5.214939334342698779e-19
-5.227427131935965003e-19
-5.239922840197276427e-19
-5.252426452152149313e-19
-5.264937960837213502e-19
-5.277457359300198932e-19
-5.289984640599917344e-19
-5.302519797806218943e-19
-5.315062823999989516e-19
-5.327613712273122500e-19
-5.340172455728479504e-19
-5.352739047479888383e-19
-5.365313480652115310e-19
-5.377895748380824333e-19
-5.390485843812585078e-19
-5.403083760104815934e-19
-5.415689490425789833e-19
-5.428303027954596691e-19
-5.440924365881120298e-19
-5.453553497406018097e-19
-5.466190415740698072e-19
-5.478835114107305266e-19
-5.491487585738679412e-19
-5.504147823878347225e-19
-5.516815821780505077e-19
-5.529491572709973728e-19
-5.542175069942197371e-19
-5.554866306763216662e-19
-5.567565276469636950e-19
-5.580271972368613824e-19
-5.592986387777835786e-19
-5.605708516025489583e-19
-5.618438350450246722e-19
-5.631175884401246142e-19
-5.643921111238053765e-19
-5.656674024330659610e-19
-5.669434617059447938e-19
-5.682202882815169330e-19
-5.694978814999365351e-19
-5.707762407022641957e-19
-5.720553652307142385e-19
-5.733352544284910117e-19
-5.746159076398233617e-19
-5.758973242099652115e-19
-5.771795034851930561e-19
-5.784624448128031709e-19
-5.797461475411091071e-19
-5.810306110194415961e-19
-5.823158345981431563e-19
-5.836018176285695381e-19
-5.848885594630852940e-19
-5.861760594550616598e-19
-5.874643169588760737e-19
-5.887533313299083240e-19
-5.900431019245393937e-19
-5.913336281001492457e-19
-5.926249092151151858e-19
-5.939169446288080105e-19
-5.952097337015925852e-19
-5.965032757948234145e-19
-5.977975702708436789e-19
-5.990926164929834057e-19
-6.003884138255565796e-19
-6.016849616338598911e-19
-6.029822592841701364e-19
-6.042803061437427731e-19
-6.055791015808094163e-19
-6.068786449645751425e-19
-6.081789356652181042e-19
-6.094799730538860633e-19
-6.107817565026953321e-19
-6.120842853847284618e-19
-6.133875590740307758e-19
-6.146915769456115257e-19
-6.159963383754397502e-19
-6.173018427404413863e-19
-6.186080894185001359e-19
