7.500320577552654910e-01
7.498372001216511151e-01
7.496300008680861771e-01
7.494104711330754620e-01
7.491786227730076186e-01
7.489344683736823827e-01
7.486780212604803308e-01
7.484092955099713729e-01
7.481283059623585752e-01
7.478350682349657053e-01
7.475295987367776007e-01
7.472119146842552961e-01
7.468820341184425615e-01
7.465399759235308297e-01
7.461857598474399555e-01
7.458194065231666947e-01
7.454409374934172217e-01
7.450503752362329646e-01
7.446477431931625146e-01
7.442330657995263055e-01
7.438063685168573302e-01
7.433676778674237484e-01
7.429170214708146203e-01
7.424544280823099918e-01
7.419799276328641335e-01
7.414935512704441400e-01
7.409953314023441928e-01
7.404853017381656244e-01
7.399634973330220244e-01
7.394299546306005722e-01
7.388847115056241810e-01
7.383278073053286539e-01
7.377592828906244238e-01
7.371791806686314175e-01
7.365875446401159987e-01
7.359844204215892915e-01
7.353698552814602607e-01
7.347438981672362868e-01
7.341065997284037525e-01
7.334580123380995964e-01
7.327981901097595507e-01
7.321271889102430874e-01
7.314450663692567689e-01
7.307518818846727715e-01
7.300476966241029597e-01
7.293325735225507644e-01
7.286065772759638959e-01
7.278697743329738401e-01
7.271222328790413192e-01
7.263640228210670458e-01
7.255952157676243131e-01
7.248158850050286928e-01
7.240261054714010047e-01
7.232259537277321293e-01
7.224155079264280577e-01
7.215948477774556391e-01
7.207640545123361608e-01
7.199232108461680602e-01
7.190724009379353410e-01
7.182117103491010290e-01
7.173412260009492947e-01
7.164610361377536929e-01
7.155712302603904895e-01
7.146718990456877307e-01
7.137631345411601380e-01
7.128450296846450263e-01
7.119176786279779456e-01
7.109811765364241198e-01
7.100356195626591482e-01
7.090811047997664929e-01
7.081177302336048029e-01
7.071455946954201544e-01
7.061647978139247162e-01
7.051754399694337705e-01
7.041776222466828994e-01
7.031714463890897937e-01
7.021570147534509365e-01
7.011344302652522398e-01
7.001037963747596127e-01
6.990652170137212629e-01
6.980187965530078031e-01
6.969646397609726707e-01
6.959028517627307009e-01
6.948335380002625961e-01
6.937568041934509822e-01
6.926727563020106393e-01
6.915815004883495432e-01
6.904831430813649362e-01
6.893777905411710982e-01
6.882655494247662542e-01
6.871465263526639333e-01
6.860208279764072881e-01
6.848885609470813929e-01
6.837498318847037293e-01
6.826047473485511441e-01
6.814534138083907511e-01
6.802959376165899075e-01
6.791324249811414582e-01
6.779629819395203150e-01
6.767877143400318207e-01
6.756067277918615943e-01
6.744201276787812338e-01
6.732280191122423929e-01
6.720305069160061873e-01
6.708276956098931931e-01
6.696196893196790789e-01
6.684065919267221378e-01
6.671885069317893269e-01
6.659655373578227122e-01
6.647377858813078300e-01
6.635053547505604943e-01
6.622683457776787908e-01
6.610268603086274508e-01
6.597809992316443495e-01
6.585308629461665841e-01
6.572765513532871084e-01
6.560181638423143724e-01
6.547557992778318958e-01
6.534895559872966331e-01
6.522195317491489286e-01
6.509458237813872117e-01
6.496685287577892431e-01
6.483877426978291725e-01
6.471035611190190107e-01
6.458160786274327325e-01
6.445253900347738263e-01
6.432315885748793871e-01
6.419347673474425919e-01
6.406350187358516024e-01
6.393324344753654742e-01
6.380271056494236648e-01
6.367191226833249784e-01
6.354085753377767265e-01
6.340955527026361782e-01
6.327801431909493290e-01
6.314624345332602307e-01
6.301425137722072023e-01
6.288204672573971532e-01
6.274963806405756683e-01
6.261703388710192497e-01
6.248424261912262079e-01
6.235127261328280435e-01
6.221813215127657282e-01
6.208482944296888073e-01
6.195137262605618922e-01
6.181776976575515947e-01
6.168402885450735562e-01
6.155015781170630751e-01
6.141616448344726642e-01
6.128205664229334770e-01
6.114784198706212370e-01
6.101352814263856228e-01
6.087912265968727921e-01
6.074463301491469513e-01
6.061006661029365583e-01
6.047543077337166340e-01
6.034073275705453820e-01
6.020597973951375970e-01
6.007117882411321386e-01
5.993633703934898582e-01
5.980146133880466230e-01
5.966655860111599319e-01
5.953163562998116110e-01
5.939669915411972534e-01
5.926175582731221247e-01
5.912681222842032236e-01
5.899187486142605241e-01
5.885695015363855420e-01
5.872204446331242833e-01
5.858716406811964594e-01
5.845231517317647230e-01
5.831750390910648285e-01
5.818273633215429452e-01
5.804801842155330460e-01
5.791335609121827099e-01
5.777875517077605272e-01
5.764422142219702838e-01
5.750976053099443597e-01
5.737537811087369821e-01
5.724107970013994073e-01
5.710687076621341340e-01
5.697275670290646854e-01
5.683874283213634637e-01
5.670483440123275098e-01
5.657103658738568130e-01
5.643735449538288540e-01
5.630379315826634645e-01
5.617035753767749551e-01
5.603705252414252769e-01
5.590388293735878422e-01
5.577085352648880612e-01
5.563796897046290324e-01
5.550523387829038313e-01
5.537265278937519852e-01
5.524023017385180090e-01
5.510797043288340191e-01
5.497587789907256717e-01
5.484395683674151423e-01
5.471221144232242262e-01
5.458064584471439273e-01
5.444926410565292807e-01
5.431807022008809938e-01
5.418706811656733846e-01
5.405626165762597024e-01
5.392565464018403976e-01
5.379525079594824621e-01
5.366505379182240354e-01
5.353506723031886683e-01
5.340529464998288178e-01
5.327573952581615702e-01
5.314640526972775891e-01
5.301729523092817420e-01
5.288841269622340802e-01
5.275976089114687850e-01
5.263134297933360628e-01
5.250316206379802564e-01
5.237522118710801200e-01
5.224752333184849995e-01
5.212007142114312153e-01
5.199286831909113449e-01
5.186591683125728602e-01
5.173921970513446489e-01
5.161277963066194241e-01
5.148659924067772176e-01
5.136068111139200365e-01
5.123502776300834505e-01
5.110964166002434084e-01
5.098452521185852238e-01
5.085968077331440851e-01
5.073511064503734014e-01
5.061081707477119718e-01
5.048680225528540122e-01
5.036306832888797214e-01
5.023961738477378258e-01
5.011645146073657742e-01
4.999357254353861135e-01
4.987098256941802643e-01
4.974868342460505577e-01
4.962667694583969835e-01
4.950496492089190292e-01
4.938354908907964247e-01
4.926243114179164051e-01
4.914161272300691663e-01
4.902109542981450407e-01
4.890088081294587385e-01
4.878097037727897600e-01
4.866136558237377230e-01
4.854206784298866761e-01
4.842307852960300307e-01
4.830439896893766183e-01
4.818603044447518635e-01
4.806797419697959595e-01
4.795023142500713376e-01
4.783280328545358451e-01
4.771569089402765695e-01
4.759889532577150639e-01
4.748241761576808551e-01
4.736625875910421835e-01
4.725041971210433567e-01
4.713490139235690379e-01
4.701970467936895659e-01
4.690483041507099160e-01
4.679027940425555254e-01
4.667605241529268478e-01
4.656215018032314190e-01
4.644857339597069923e-01
4.633532272374757399e-01
4.622239879060822121e-01
4.610980218940069486e-01
4.599753347936535453e-01
4.588559318662221442e-01
4.577398180465356292e-01
4.566269979478606578e-01
4.555174758666861723e-01
4.544112557874744884e-01
4.533083413873872369e-01
4.522087360409188239e-01
4.511124428248169949e-01
4.500194645223197232e-01
4.489298036280437998e-01
4.478434623523928626e-01
4.467604426262548611e-01
4.456807461053653996e-01
4.446043741748290645e-01
4.435313279535449960e-01
4.424616082986024268e-01
4.413952158096497436e-01
4.403321508332155854e-01
4.392724134669969693e-01
4.382160035641257667e-01
4.371629207373518566e-01
4.361131643632233379e-01
4.350667335859957352e-01
4.340236273293313074e-01
4.329838442688605515e-01
4.319473828921673864e-01
4.309142414524506637e-01
4.298844179947658994e-01
4.288579103563009975e-01
4.278347161699018186e-01
4.268148328685413828e-01
4.257982576989391976e-01
4.247849876774412725e-01
4.237750196830600835e-01
4.227683503782110885e-01
4.217649762503421496e-01
4.207648936089595226e-01
4.197680985890527849e-01
4.187745871546065812e-01
4.177843551020559154e-01
4.167973980637351139e-01
4.158137115112640614e-01
4.148332907589155072e-01
4.138561309669211430e-01
4.128822271447563641e-01
4.119115741543487585e-01
4.109441667134005050e-01
4.099799993983503366e-01
4.090190666476260506e-01
4.080613627647005637e-01
4.071068819211208223e-01
4.061556181595142867e-01
4.052075653965548918e-01
4.042627174258855982e-01
4.033210679209983107e-01
4.023826104380914814e-01
4.014473384188698701e-01
4.005152451933167157e-01
3.995863239824166135e-01
3.986605679008464187e-01
3.977379699595615659e-01
3.968185230681322562e-01
3.959022200324652241e-01
3.949890536006380737e-01
3.940790163468521623e-01
3.931721008284668195e-01
3.922682994857186189e-01
3.913676046752550541e-01
3.904700086703059014e-01
3.895755036628192336e-01
3.886840817659388270e-01
3.877957350152711480e-01
3.869104553726796514e-01
3.860282347273683579e-01
3.851490648983286191e-01
3.842729376364682481e-01
3.833998446267126159e-01
3.825297774900477399e-01
3.816627277855640377e-01
3.807986870124396850e-01
3.799376466119119833e-01
3.790795979692012652e-01
3.782245324154181465e-01
3.773724412294254815e-01
3.765233156396802228e-01
3.756771468260400870e-01
3.748339259215385799e-01
3.739936440141352625e-01
3.731562921484333772e-01
3.723218613273635014e-01
3.714903425138482707e-01
3.706617266324318538e-01
3.698360045708841137e-01
3.690131671817661885e-01
3.681932052839909097e-01
3.673761096643334834e-01
3.665618710788677848e-01
3.657504802546722722e-01
3.649419278909026843e-01
3.641362046604511571e-01
3.633333012112788252e-01
3.625332081677645202e-01
3.617359161320578553e-01
3.609414156853791300e-01
3.601496973893135722e-01
3.593607517870707202e-01
3.585745694047276499e-01
3.577911407524422827e-01
3.570104563256501495e-01
3.562325066062280721e-01
3.554572820636479613e-01
3.546847731560980321e-01
3.539149703315873086e-01
3.531478640290232063e-01
3.523834446792790676e-01
3.516217027062218947e-01
3.508626285280178059e-01
3.501062125570112982e-01
3.493524452023726856e-01
3.486013168699430564e-01
3.478528179634491901e-01
3.471069388854183257e-01
3.463636700380821054e-01
3.456230018242513191e-01
3.448849246481803243e-01
3.441494289164100384e-01
3.434165050385886153e-01
3.426861434282847396e-01
3.419583345037730537e-01
3.412330686888090381e-01
3.405103364133794108e-01
3.397901281144469210e-01
3.390724342366701616e-01
3.383572452331078395e-01
3.376445515659114993e-01
3.369343437069994840e-01
3.362266121387118001e-01
3.355213473544592651e-01
3.348185398593435669e-01
3.341181801707674426e-01
3.334202588189841832e-01
3.327247663468442251e-01
3.320316933172640650e-01
3.313410302956682485e-01
3.306527678733344744e-01
3.299668966533188530e-01
3.292834072551867886e-01
3.286022903152578944e-01
3.279235364870723424e-01
3.272471364418704232e-01
3.265730808690480158e-01
3.259013604766240468e-01
3.252319659916700356e-01
3.245648881607517411e-01
3.239001177503473827e-01
3.232376455472484311e-01
3.225774623589701684e-01
3.219195590141290531e-01
3.212639263628199182e-01
3.206105552769882294e-01
3.199594366507781951e-01
3.193105614008840965e-01
3.186639204668781922e-01
3.180195048115420642e-01
3.173773054211887490e-01
3.167373133059520618e-01
3.160995195000995683e-01
3.154639150623164690e-01
3.148304910759808228e-01
3.141992386475599419e-01
3.135701489143969400e-01
3.129432130336644580e-01
3.123184221901492696e-01
3.116957675946031570e-01
3.110752404839735030e-01
3.104568321216255034e-01
3.098405337975526641e-01
3.092263368285862457e-01
3.086142325585927715e-01
3.080042123586664293e-01
3.073962676273153671e-01
3.067903897906332222e-01
3.061865703024790331e-01
3.055848006446333920e-01
3.049850723269601493e-01
3.043873768875576813e-01
3.037917058929021641e-01
3.031980509379892386e-01
3.026064036464606311e-01
3.020167556707369361e-01
3.014290986921366322e-01
3.008434244209902131e-01
3.002597245967492667e-01
2.996779909880947224e-01
2.990982153930304421e-01
2.985203896389813094e-01
2.979445055828744970e-01
2.973705551112339474e-01
2.967985301402478737e-01
2.962284226158482525e-01
2.956602245137800455e-01
2.950939278396613741e-01
2.945295246290458024e-01
2.939670069474804581e-01
2.934063668905502742e-01
2.928475965839286710e-01
2.922906881834215764e-01
2.917356338750042299e-01
2.911824258748512140e-01
2.906310564293777543e-01
2.900815178152535978e-01
2.895338023394370963e-01
2.889879023391871415e-01
2.884438101820829825e-01
2.879015182660368266e-01
2.873610190192996683e-01
2.868223049004674508e-01
2.862853683984888375e-01
2.857502020326573855e-01
2.852167983526125439e-01
2.846851499383288853e-01
2.841552494001113871e-01
2.836270893785757252e-01
2.831006625446410574e-01
2.825759615995046548e-01
2.820529792746240827e-01
2.815317083316931090e-01
2.810121415626170571e-01
2.804942717894798321e-01
2.799780918645186079e-01
2.794635946700858575e-01
2.789507731186152140e-01
2.784396201525838332e-01
2.779301287444690960e-01
2.774222918967126916e-01
2.769161026416706584e-01
2.764115540415686412e-01
2.759086391884487677e-01
2.754073512041300131e-01
2.749076832401455839e-01
2.744096284776916805e-01
2.739131801275749845e-01
2.734183314301508183e-01
2.729250756552636936e-01
2.724334061021906894e-01
2.719433160995733956e-01
2.714547990053554627e-01
2.709678482067198746e-01
2.704824571200173389e-01
2.699986191907003397e-01
2.695163278932509732e-01
2.690355767311108370e-01
2.685563592368818697e-01
2.680786689711234239e-01
2.676024995240126048e-01
2.671278445140793378e-01
2.666546975884380166e-01
2.661830524226979633e-01
2.657129027208835481e-01
2.652442422153442059e-01
2.647770646666570693e-01
2.643113638635197771e-01
2.638471336225963748e-01
2.633843677882752310e-01
2.629230602320924981e-01
2.624632046785038142e-01
2.620047956799461675e-01
2.615478264366820071e-01
2.610922912945487506e-01
2.606381842135174209e-01
2.601854992321873672e-01
2.597342304164885207e-01
2.592843718595385094e-01
2.588359176815895890e-01
2.583888620299184535e-01
2.579431990787403595e-01
2.574989230291104270e-01
2.570560281088311583e-01
2.566145085723579022e-01
2.561743587007017653e-01
2.557355728013347429e-01
2.552981452080910763e-01
2.548620702810746042e-01
2.544273424065571221e-01
2.539939559968832361e-01
2.535619054903713310e-01
2.531311853512144827e-01
2.527017900693851460e-01
2.522737141605312927e-01
2.518469521658779353e-01
2.514214986521345896e-01
2.509973482113841414e-01
2.505744954609908648e-01
2.501529350434966714e-01
2.497326616265224120e-01
2.493136699026662628e-01
2.488959545894020298e-01
2.484795104289793388e-01
2.480643321883229113e-01
2.476504146589275646e-01
2.472377526567629269e-01
2.468263410221656351e-01
2.464161746197429947e-01
2.460072483382688691e-01
2.455995570905787906e-01
2.451930958134752314e-01
2.447878594676189123e-01
2.443838430374312698e-01
2.439810415309905944e-01
2.435794499799310564e-01
2.431790634393417583e-01
2.427798769876606533e-01
2.423818857265777615e-01
2.419850847809318362e-01
2.415894692986069181e-01
2.411950344504315835e-01
2.408017754300793289e-01
2.404096874539648487e-01
2.400187657611416170e-01
2.396290056132049096e-01
2.392404022941869712e-01
2.388529511104547087e-01
2.384666473906150996e-01
2.380814864854064739e-01
2.376974637676022017e-01
2.373145746319115512e-01
2.369328144948752990e-01
2.365521787947690580e-01
2.361726629914999431e-01
2.357942625665109260e-01
2.354169730226758628e-01
2.350407898842052923e-01
2.346657086965435457e-01
2.342917250262715467e-01
2.339188344610075021e-01
2.335470326093061488e-01
2.331763151005656065e-01
2.328066775849228220e-01
2.324381157331606162e-01
2.320706252366074307e-01
2.317042018070400167e-01
2.313388411765864572e-01
2.309745390976306878e-01
2.306112913427129651e-01
2.302490937044346375e-01
2.298879419953657188e-01
2.295278320479401668e-01
2.291687597143690636e-01
2.288107208665415560e-01
2.284537113959280719e-01
2.280977272134894207e-01
2.277427642495789828e-01
2.273888184538505886e-01
2.270358857951630116e-01
2.266839622614878202e-01
2.263330438598154526e-01
2.259831266160607921e-01
2.256342065749734893e-01
2.252862798000427047e-01
2.249393423734069031e-01
2.245933903957615385e-01
2.242484199862657956e-01
2.239044272824556314e-01
2.235614084401486568e-01
2.232193596333564567e-01
2.228782770541930525e-01
2.225381569127860004e-01
2.221989954371849096e-01
2.218607888732756495e-01
2.215235334846887838e-01
2.211872255527130571e-01
2.208518613762044391e-01
2.205174372715011377e-01
2.201839495723353080e-01
2.198513946297452337e-01
2.195197688119885360e-01
2.191890685044579068e-01
2.188592901095918752e-01
2.185304300467908190e-01
2.182024847523320044e-01
2.178754506792838774e-01
2.175493242974201324e-01
2.172241020931381106e-01
2.168997805693720637e-01
2.165763562455120805e-01
2.162538256573182660e-01
2.159321853568404725e-01
2.156114319123335066e-01
2.152915619081743892e-01
2.149725719447848349e-01
2.146544586385442377e-01
2.143372186217127051e-01
2.140208485423470419e-01
2.137053450642235897e-01
2.133907048667554318e-01
2.130769246449133181e-01
2.127640011091471717e-01
2.124519309853070415e-01
2.121407110145633879e-01
2.118303379533292286e-01
2.115208085731822563e-01
2.112121196607882057e-01
2.109042680178219442e-01
2.105972504608918106e-01
2.102910638214623151e-01
2.099857049457785896e-01
2.096811706947900311e-01
2.093774579440764727e-01
2.090745635837694683e-01
2.087724845184824596e-01
2.084712176672321449e-01
2.081707599633663419e-01
2.078711083544898808e-01
2.075722598023924115e-01
2.072742112829742411e-01
2.069769597861720600e-01
2.066805023158914401e-01
2.063848358899308399e-01
2.060899575399093298e-01
2.057958643111997277e-01
2.055025532628548535e-01
2.052100214675365852e-01
2.049182660114466925e-01
2.046272839942566424e-01
2.043370725290382661e-01
2.040476287421941204e-01
2.037589497733909016e-01
2.034710327754870041e-01
2.031838749144680711e-01
2.028974733693757193e-01
2.026118253322449214e-01
2.023269280080315646e-01
2.020427786145496118e-01
2.017593743824027397e-01
2.014767125549184190e-01
2.011947903880828836e-01
2.009136051504754605e-01
2.006331541232026228e-01
2.003534345998344846e-01
2.000744438863394647e-01
1.997961793010198106e-01
1.995186381744504522e-01
1.992418178494113901e-01
1.989657156808282978e-01
1.986903290357079355e-01
1.984156552930742279e-01
1.981416918439105335e-01
1.978684360910935303e-01
1.975958854493340133e-01
1.973240373451140839e-01
1.970528892166274748e-01
1.967824385137196264e-01
1.965126826978253471e-01
1.962436192419105274e-01
1.959752456304124091e-01
1.957075593591798279e-01
1.954405579354141775e-01
1.951742388776308013e-01
1.949085997155204919e-01
1.946436379900127744e-01
1.943793512531362400e-01
1.941157370679826855e-01
1.938527930086481887e-01
1.935905166601780969e-01
1.933289056185095167e-01
1.930679574904151097e-01
1.928076698934478306e-01
1.925480404558645720e-01
1.922890668166483963e-01
1.920307466253411977e-01
1.917730775420602995e-01
1.915160572374288717e-01
1.912596833925202799e-01
1.910039536988044628e-01
1.907488658580936691e-01
1.904944175824900277e-01
1.902406065943331448e-01
1.899874306261452594e-01
1.897348874205805336e-01
1.894829747303722334e-01
1.892316903182816312e-01
1.889810319570446595e-01
1.887309974293228942e-01
1.884815845276500978e-01
1.882327910543836746e-01
1.879846148216524626e-01
1.877370536513084942e-01
1.874901053748734836e-01
1.872437678334932243e-01
1.869980388778864355e-01
1.867529163682946358e-01
1.865083981744345420e-01
1.862644821754487201e-01
1.860211662598587612e-01
1.857784483255149888e-01
1.855363262795504953e-01
1.852947980383327087e-01
1.850538615274150422e-01
1.848135146814925134e-01
1.845737554443526163e-01
1.843345817688304966e-01
1.840959916167604349e-01
1.838579829589322701e-01
1.836205537750443262e-01
1.833837020536579210e-01
1.831474257921532067e-01
1.829117229966822078e-01
1.826765916821244395e-01
1.824420298720459410e-01
1.822080355986477052e-01
1.819746069027302349e-01
1.817417418336436663e-01
1.815094384492450530e-01
1.812776948158580648e-01
1.810465090082266360e-01
1.808158791094733875e-01
1.805858032110581879e-01
1.803562794127321622e-01
1.801273058225011936e-01
1.798988805565777949e-01
1.796710017393445269e-01
1.794436675033095618e-01
1.792168759890661323e-01
1.789906253452517582e-01
1.787649137285085288e-01
1.785397393034404145e-01
1.783151002425743259e-01
1.780909947263195625e-01
1.778674209429283171e-01
1.776443770884555684e-01
1.774218613667203348e-01
1.771998719892653729e-01
1.769784071753187082e-01
1.767574651517559436e-01
1.765370441530593748e-01
1.763171424212809368e-01
1.760977582060057056e-01
1.758788897643098481e-01
1.756605353607265108e-01
1.754426932672080441e-01
1.752253617630860905e-01
1.750085391350366670e-01
1.747922236770424187e-01
1.745764136903568964e-01
1.743611074834672536e-01
1.741463033720571374e-01
1.739319996789725487e-01
1.737181947341839838e-01
1.735048868747525730e-01
1.732920744447930816e-01
1.730797557954391330e-01
1.728679292848079585e-01
1.726565932779664803e-01
1.724457461468946740e-01
1.722353862704535388e-01
1.720255120343473498e-01
1.718161218310930438e-01
1.716072140599841644e-01
1.713987871270576113e-01
1.711908394450606663e-01
1.709833694334153276e-01
1.707763755181880838e-01
1.705698561320554973e-01
1.703638097142714802e-01
1.701582347106330162e-01
1.699531295734511283e-01
1.697484927615159900e-01
1.695443227400641184e-01
1.693406179807491196e-01
1.691373769616077716e-01
1.689345981670299923e-01
1.687322800877258389e-01
1.685304212206948371e-01
1.683290200691943128e-01
1.681280751427114695e-01
1.679275849569278611e-01
1.677275480336926361e-01
1.675279629009901461e-01
1.673288280929110250e-01
1.671301421496202977e-01
1.669319036173300963e-01
1.667341110482662703e-01
1.665367630006436284e-01
1.663398580386316050e-01
1.661433947323280591e-01
1.659473716577296587e-01
1.657517873967017941e-01
1.655566405369514604e-01
1.653619296719973930e-01
1.651676534011419506e-01
1.649738103294434155e-01
1.647803990676866004e-01
1.645874182323558421e-01
1.643948664456070519e-01
1.642027423352400706e-01
1.640110445346697199e-01
1.638197716829007389e-01
1.636289224244996676e-01
1.634384954095660647e-01
1.632484892937086929e-01
1.630589027380152656e-01
1.628697344090294652e-01
1.626809829787215778e-01
1.624926471244625137e-01
1.623047255289992163e-01
1.621172168804274061e-01
1.619301198721652402e-01
1.617434332029289989e-01
1.615571555767054690e-01
1.613712857027287395e-01
1.611858222954528075e-01
1.610007640745275970e-01
1.608161097647728965e-01
1.606318580961547671e-01
1.604480078037591184e-01
1.602645576277686723e-01
1.600815063134370941e-01
1.598988526110645403e-01
1.597165952759757312e-01
1.595347330684912524e-01
1.593532647539094849e-01
1.591721891024766022e-01
1.589915048893672800e-01
1.588112108946599377e-01
1.586313059033113426e-01
1.584517887051355989e-01
1.582726580947801109e-01
1.580939128717026576e-01
1.579155518401467173e-01
1.577375738091220114e-01
1.575599775923786638e-01
1.573827620083850243e-01
1.572059258803076287e-01
1.570294680359853312e-01
1.568533873079100971e-01
1.566776825332029111e-01
1.565023525535914617e-01
1.563273962153911290e-01
1.561528123694799486e-01
1.559785998712788224e-01
1.558047575807284535e-01
1.556312843622697228e-01
1.554581790848215683e-01
1.552854406217602790e-01
1.551130678508961802e-01
1.549410596544558150e-01
1.547694149190592672e-01
1.545981325356997338e-01
1.544272113997234297e-01
1.542566504108073278e-01
1.540864484729420336e-01
1.539166044944079159e-01
1.537471173877566766e-01
1.535779860697917554e-01
1.534092094615473467e-01
1.532407864882685544e-01
1.530727160793928510e-01
1.529049971685282061e-01
1.527376286934358229e-01
1.525706095960096542e-01
1.524039388222569458e-01
1.522376153222788908e-01
1.520716380502523113e-01
1.519060059644097849e-01
1.517407180270213540e-01
1.515757732043751804e-01
1.514111704667585045e-01
1.512469087884408259e-01
1.510829871476524200e-01
1.509194045265695172e-01
1.507561599112915429e-01
1.505932522918282113e-01
1.504306806620761827e-01
1.502684440198044646e-01
1.501065413666353987e-01
1.499449717080260647e-01
1.497837340532526262e-01
1.496228274153897364e-01
1.494622508112956327e-01
1.493020032615929027e-01
1.491420837906517749e-01
1.489824914265738542e-01
1.488232252011724710e-01
1.486642841499575540e-01
1.485056673121183390e-01
1.483473737305055773e-01
1.481894024516159925e-01
1.480317525255740729e-01
1.478744230061170839e-01
1.477174129505761935e-01
1.475607214198621508e-01
1.474043474784485774e-01
1.472482901943548417e-01
1.470925486391289339e-01
1.469371218878343377e-01
1.467820090190316284e-01
1.466272091147623191e-01
1.464727212605344830e-01
1.463185445453062394e-01
1.461646780614694052e-01
1.460111209048351733e-01
1.458578721746171258e-01
1.457049309734166076e-01
1.455522964072076264e-01
1.453999675853204221e-01
1.452479436204273389e-01
1.450962236285271434e-01
1.449448067289302866e-01
1.447936920442434161e-01
1.446428787003538885e-01
1.444923658264175015e-01
1.443421525548404249e-01
1.441922380212667387e-01
1.440426213645636111e-01
1.438933017268051728e-01
1.437442782532596386e-01
1.435955500923752626e-01
1.434471163957644069e-01
1.432989763181898024e-01
1.431511290175519480e-01
1.430035736548732894e-01
1.428563093942840090e-01
1.427093354030099237e-01
1.425626508513567758e-01
1.424162549126968547e-01
1.422701467634286399e-01
1.421243255830720031e-01
1.419787905540558504e-01
1.418335408619558202e-01
1.416885756952750430e-01
