9.226943648121869179e-01
9.228642503486250703e-01
9.230448852656547576e-01
9.232362578938890785e-01
9.234383558195696784e-01
9.236511658749697595e-01
9.238746741335379653e-01
9.241088658894387464e-01
9.243537256565063087e-01
9.246092371504812668e-01
9.248753832766263283e-01
9.251521461150152836e-01
9.254395069037243404e-01
9.257374460216761802e-01
9.260459429690353073e-01
9.263649763451706765e-01
9.266945238256573125e-01
9.270345621366075095e-01
9.273850670270122887e-01
9.277460132389901970e-01
9.281173744759787514e-01
9.284991233691751722e-01
9.288912314423731775e-01
9.292936690752264806e-01
9.297064054653709775e-01
9.301294085899383113e-01
9.305626451668240762e-01
9.310060806160832536e-01
9.314596790219026312e-01
9.319234030955971804e-01
9.323972141400818092e-01
9.328810720162405978e-01
9.333749351115943060e-01
9.338787603116273095e-01
9.343925029741053656e-01
9.349161169066733112e-01
9.354495543479588449e-01
9.359927659523806787e-01
9.365457007788323684e-01
9.371083062831642163e-01
9.376805283153867299e-01
9.382623111194651200e-01
9.388535973384077860e-01
9.394543280231472115e-01
9.400644426445528001e-01
9.406838791099386698e-01
9.413125737826885109e-01
9.419504615058512664e-01
9.425974756271653376e-01
9.432535480309317544e-01
9.439186091686048163e-01
9.445925880942913633e-01
9.452754125021580744e-01
9.459670087660124738e-01
9.466673019808810041e-01
9.473762160063280424e-01
9.480936735113395519e-01
9.488195960205285662e-01
9.495539039614598886e-01
9.502965167129592272e-01
9.510473526540984546e-01
9.518063292172543877e-01
9.525733629210484388e-01
9.533483694546689424e-01
9.541312636941716718e-01
9.549219597698085371e-01
9.557203711127575385e-01
9.565264105049707810e-01
9.573399901286197000e-01
9.581610216150243664e-01
9.589894160930226841e-01
9.598250842156276219e-01
9.606679363119327020e-01
9.615178822339085496e-01
9.623748315583634527e-01
9.632386936326949867e-01
9.641093775327947979e-01
9.649867921585606467e-01
9.658708462645474446e-01
9.667614485001492231e-01
9.676585074487245031e-01
9.685619316655902367e-01
9.694716297149020834e-01
9.703875102054035917e-01
9.713094818250426199e-01
9.722374533744491121e-01
9.731713337992901058e-01
9.741110322214645567e-01
9.750564579692279077e-01
9.760075206061542552e-01
9.769641299590290373e-01
9.779261961446489293e-01
9.788936295955400491e-01
9.798663410846409905e-01
9.808442417489194876e-01
9.818272431120450561e-01
9.828152571059098896e-01
9.838081960913696022e-01
9.848059728778838506e-01
9.858085007422828783e-01
9.868156934466018049e-01
9.878274652549945412e-01
9.888437309500494043e-01
9.898644058476502305e-01
9.908894058117135861e-01
9.919186472676342348e-01
9.929520472152936206e-01
9.939895232410685955e-01
9.950309935292189767e-01
9.960763768725685585e-01
9.971255926824881266e-01
9.981785609981757013e-01
9.992352024955233336e-01
1.000295438494892775e+00
1.001359190968787782e+00
1.002426382548835093e+00
1.003496936531516059e+00
1.004570776884216698e+00
1.005647828252588472e+00
1.006728015961241729e+00
1.007811266021007235e+00
1.008897505131965078e+00
1.009986660686847948e+00
1.011078660773979454e+00
1.012173434179815201e+00
1.013270910391086410e+00
1.014371019596561174e+00
1.015473692688427576e+00
1.016578861263356393e+00
1.017686457623186991e+00
1.018796414775322345e+00
1.019908666432798094e+00
1.021023147014060273e+00
1.022139791642463491e+00
1.023258536145482234e+00
1.024379317053681904e+00
1.025502071599430076e+00
1.026626737715376603e+00
1.027753254032698793e+00
1.028881559879144758e+00
1.030011595276857372e+00
1.031143300940013496e+00
1.032276618272324864e+00
1.033411489364070013e+00
1.034547856989570525e+00
1.035685664603878342e+00
1.036824856339619627e+00
1.037965377003660095e+00
1.039107172073595819e+00
1.040250187694052864e+00
1.041394370639247891e+00
1.042539668440676692e+00
1.043686029189495157e+00
1.044833401658360472e+00
1.045981735263535439e+00
1.047130980175186910e+00
1.048281086926691863e+00
1.049432006931256378e+00
1.050583692156794813e+00
1.051736095196478704e+00
1.052889169264288771e+00
1.054042868189621673e+00
1.055197146413759723e+00
1.056351958984044215e+00
1.057507261549476052e+00
1.058663010355779255e+00
1.059819162240488444e+00
1.060975674628030774e+00
1.062132505525048343e+00
1.063289613502090614e+00
1.064446957745861955e+00
1.065604497950075835e+00
1.066762194406543074e+00
1.067920007953938377e+00
1.069077899984589131e+00
1.070235832436303713e+00
1.071393767788153983e+00
1.072551669055333390e+00
1.073709499784043286e+00
1.074867224046355263e+00
1.076024806435080361e+00
1.077182212058649391e+00
1.078339406535986811e+00
1.079496355991398815e+00
1.080653027049470971e+00
1.081809386829654551e+00
1.082965402942426714e+00
1.084121043482795921e+00
1.085276277024915581e+00
1.086431072618972982e+00
1.087585399785858886e+00
1.088739228508022183e+00
1.089892529231238472e+00
1.091045272855150960e+00
1.092197430729468177e+00
1.093348974649042349e+00
1.094499876849000408e+00
1.095650109998778987e+00
1.096799647202731931e+00
1.097948461983392576e+00
1.099096528291844566e+00
1.100243820491091373e+00
1.101390313356729322e+00
1.102535982071180420e+00
1.103680802219031865e+00
1.104824749782405080e+00
1.105967801136362505e+00
1.107109933044341910e+00
1.108251122653622023e+00
1.109391347490829460e+00
1.110530585457114361e+00
1.111668814825093277e+00
1.112806014232537777e+00
1.113942162679393943e+00
1.115077239515707808e+00
1.116211224456503448e+00
1.117344097643400147e+00
1.118475839271916961e+00
1.119606430264622476e+00
1.120735851651463832e+00
1.121864084843795073e+00
1.122991111581719048e+00
1.124116913929515515e+00
1.125241474271526432e+00
1.126364775308148269e+00
1.127486800051902716e+00
1.128607531823546895e+00
1.129726954248109649e+00
1.130845051251237354e+00
1.131961807055280378e+00
1.133077206175578278e+00
1.134191233416745215e+00
1.135303873868982016e+00
1.136415112904445746e+00
1.137524936173635259e+00
1.138633329601823618e+00
1.139740279385523580e+00
1.140845771988983959e+00
1.141949794140738161e+00
1.143052332830162277e+00
1.144153375304096221e+00
1.145252909063476876e+00
1.146350921860018968e+00
1.147447401692934355e+00
1.148542336805670194e+00
1.149635715682701953e+00
1.150727527046339738e+00
1.151817759853587031e+00
1.152906403293024740e+00
1.153993446781729215e+00
1.155078879962222027e+00
1.156162692699464589e+00
1.157244875077866775e+00
1.158325417398349266e+00
1.159404310175419672e+00
1.160481544134298826e+00
1.161557110208065291e+00
1.162630999534835397e+00
1.163703203454985013e+00
1.164773713508388653e+00
1.165842521431234013e+00
1.166909619155185540e+00
1.167974998801922348e+00
1.169038652682460766e+00
1.170100573294371449e+00
1.171160753317499470e+00
1.172219185614171710e+00
1.173275863224821691e+00
1.174330779365978072e+00
1.175383927427803732e+00
1.176435300971689246e+00
1.177484893727838156e+00
1.178532699592919064e+00
1.179578712627718406e+00
1.180622927054835403e+00
1.181665337256197601e+00
1.182705937771559190e+00
1.183744723295188761e+00
1.184781688674358291e+00
1.185816828906989029e+00
1.186850139139439042e+00
1.187881614663576002e+00
1.188911250924580498e+00
1.189939043487769688e+00
1.190964988081676390e+00
1.191989080562636749e+00
1.193011316924443399e+00
1.194031693295196206e+00
1.195050205935270116e+00
1.196066851235379591e+00
1.197081625714676134e+00
1.198094526018865125e+00
1.199105548918360631e+00
1.200114691306453540e+00
1.201121950197504784e+00
1.202127322724284353e+00
1.203130806139659725e+00
1.204132397810770305e+00
1.205132095216728594e+00
1.206129895951898456e+00
1.207125797720455029e+00
1.208119798335819839e+00
1.209111895720637264e+00
1.210102087899217693e+00
1.211090372979195084e+00
1.212076749241544738e+00
1.213061214990015735e+00
1.214043768663023437e+00
1.215024408793021093e+00
1.216003134008856623e+00
1.216979943032189260e+00
1.217954834681872489e+00
1.218927807868802171e+00
1.219898861591200756e+00
1.220867994938872103e+00
1.221835207089407405e+00
1.222800497306968825e+00
1.223763864941023405e+00
1.224725309424990805e+00
1.225684830274942128e+00
1.226642427088301401e+00
1.227598099542582366e+00
1.228551847394121044e+00
1.229503670476873589e+00
1.230453568701019185e+00
1.231401542052014131e+00
1.232347590589219832e+00
1.233291714444758824e+00
1.234233913822363471e+00
1.235174188996216671e+00
1.236112540309827201e+00
1.237048968174903063e+00
1.237983473070254581e+00
1.238916055540701722e+00
1.239846716196001397e+00
1.240775455709780095e+00
1.241702274818500262e+00
1.242627174320416472e+00
1.243550155074556463e+00
1.244471217999726820e+00
1.245390364073510225e+00
1.246307594331289126e+00
1.247222909865284057e+00
1.248136311823595301e+00
1.249047801409268077e+00
1.249957379879363284e+00
1.250865048543654323e+00
1.251770808765336973e+00
1.252674661957617452e+00
1.253576609584586610e+00
1.254476653159901867e+00
1.255374794245925241e+00
1.256271034452885793e+00
1.257165375438034527e+00
1.258057818904841474e+00
1.258948366602172797e+00
1.259837020323496315e+00
1.260723781906094576e+00
1.261608653230287036e+00
1.262491636218662894e+00
1.263372732835319701e+00
1.264251945085132389e+00
1.265129275012998988e+00
1.266004724703127193e+00
1.266878296278316274e+00
1.267749991899246753e+00
1.268619813763787407e+00
1.269487764106310701e+00
1.270353845197011333e+00
1.271218059341236550e+00
1.272080408878838220e+00
1.272940896183605508e+00
1.273799523662235478e+00
1.274656293754308223e+00
1.275511208931247253e+00
1.276364271695813013e+00
1.277215484581498250e+00
1.278064850151926501e+00
1.278912371000261228e+00
1.279758049748630055e+00
1.280601889047546127e+00
1.281443891575351213e+00
1.282284060037645279e+00
1.283122397166749140e+00
1.283958905721154009e+00
1.284793588484995475e+00
1.285626448267516819e+00
1.286457487902556096e+00
1.287286710248035426e+00
1.288114118185447854e+00
1.288939714619347532e+00
1.289763502476618084e+00
1.290585484707140296e+00
1.291405664281504606e+00
1.292224044191717658e+00
1.293040627450533941e+00
1.293855417090925330e+00
1.294668416165646319e+00
1.295479627746790374e+00
1.296289054925354067e+00
1.297096700810801195e+00
1.297902568530639345e+00
1.298706661230002890e+00
1.299508982071230667e+00
1.300309534233472508e+00
1.301108320912273797e+00
1.301905345319185114e+00
1.302700610681371662e+00
1.303494120241228460e+00
1.304285877256000870e+00
1.305075884997409785e+00
1.305864146751287702e+00
1.306650665817206125e+00
1.307435445508129845e+00
1.308218489150051678e+00
1.308999800081660281e+00
1.309779381653985997e+00
1.310557237230076888e+00
1.311333370184693647e+00
1.312107783904239433e+00
1.312880481780773989e+00
1.313651467232989312e+00
1.314420743670636105e+00
1.315188314523896507e+00
1.315954183230915620e+00
1.316718353239220596e+00
1.317480828005520799e+00
1.318241610995396274e+00
1.319000705685639430e+00
1.319758115553550715e+00
1.320513844092285005e+00
1.321267894800161047e+00
1.322020271182997808e+00
1.322770976753844030e+00
1.323520015032716435e+00
1.324267389546342821e+00
1.325013103827913596e+00
1.325757161416818652e+00
1.326499565858409557e+00
1.327240320703758414e+00
1.327979429509406062e+00
1.328716895837140921e+00
1.329452723253755853e+00
1.330186915330826114e+00
1.330919475644480210e+00
1.331650407775178735e+00
1.332379715307498547e+00
1.333107401829912497e+00
1.333833470934582710e+00
1.334557926217149637e+00
1.335280771276526224e+00
1.336002009714694960e+00
1.336721645136513148e+00
1.337439681149512838e+00
1.338156121363707207e+00
1.338870969391402932e+00
1.339584228847014558e+00
1.340295903346875095e+00
1.341005996509061049e+00
1.341714511953208344e+00
1.342421453300340684e+00
1.343126824172696132e+00
1.343830628193555032e+00
1.344532868987072360e+00
1.345233550178119630e+00
1.345932675392113032e+00
1.346630248254860884e+00
1.347326272392403990e+00
1.348020751430861308e+00
1.348713688996277194e+00
1.349405088714473733e+00
1.350094954210903975e+00
1.350783289110505381e+00
1.351470097037555940e+00
1.352155381615540275e+00
1.352839146467004205e+00
1.353521395213425516e+00
1.354202131475075399e+00
1.354881358870892338e+00
1.355559081018350875e+00
1.356235301533332160e+00
1.356910024030004713e+00
1.357583252120700079e+00
1.358254989415787817e+00
1.358925239523561812e+00
1.359594006050122594e+00
1.360261292599263871e+00
1.360927102772358621e+00
1.361591440168244738e+00
1.362254308383124446e+00
1.362915711010450392e+00
1.363575651640824393e+00
1.364234133861892184e+00
1.364891161258242169e+00
1.365546737411306388e+00
1.366200865899264150e+00
1.366853550296941666e+00
1.367504794175721017e+00
1.368154601103443779e+00
1.368802974644325765e+00
1.369449918358861096e+00
1.370095435803740491e+00
1.370739530531756234e+00
1.371382206091725564e+00
1.372023466028407856e+00
1.372663313882414693e+00
1.373301753190140806e+00
1.373938787483675705e+00
1.374574420290737287e+00
1.375208655134591673e+00
1.375841495533988379e+00
1.376472945003086368e+00
1.377103007051401651e+00
1.377731685183761989e+00
1.378358982900304230e+00
1.378984903696556019e+00
1.379609451063880998e+00
1.380232628491639302e+00
1.380854439486626895e+00
1.381474887086009407e+00
1.382093975743476477e+00
1.382711708143229856e+00
1.383328087929944328e+00
1.383943118567367625e+00
1.384556803506078682e+00
1.385169146206635782e+00
1.385780150072886796e+00
1.386389818554730535e+00
1.386998155079670614e+00
1.387605163075385173e+00
1.388210845892252188e+00
1.388815206997697560e+00
1.389418249843164199e+00
1.390019977758137903e+00
1.390620394144205907e+00
1.391219502388318485e+00
1.391817305870054033e+00
1.392413807962542993e+00
1.393009012032663252e+00
1.393602921441075004e+00
1.394195539542210760e+00
1.394786869684249364e+00
1.395376915209082691e+00
1.395965679452285446e+00
1.396553165743081415e+00
1.397139377404301275e+00
1.397724317752358170e+00
1.398307990097207965e+00
1.398890397742316827e+00
1.399471543984633470e+00
1.400051432114553185e+00
1.400630065415886971e+00
1.401207447165837561e+00
1.401783580634968329e+00
1.402358469087152892e+00
1.402932115779593536e+00
1.403504523962758821e+00
1.404075696880360935e+00
1.404645637769337485e+00
1.405214349859828848e+00
1.405781836375145977e+00
1.406348100531753964e+00
1.406913145539244070e+00
1.407476974600314623e+00
1.408039590911524641e+00
1.408600997660165666e+00
1.409161198028911377e+00
1.409720195192678549e+00
1.410277992319387552e+00
1.410834592569947032e+00
1.411389999098235259e+00
1.411944215051080809e+00
1.412497243568247907e+00
1.413049087782422664e+00
1.413599750819195311e+00
1.414149235797043991e+00
1.414697545827320324e+00
1.415244684014244303e+00
1.415790653454874315e+00
1.416335457239110251e+00
1.416879098449674412e+00
1.417421580162100847e+00
1.417962905444721589e+00
1.418503077358661324e+00
1.419042098957820075e+00
1.419579973288872532e+00
1.420116703391250512e+00
1.420652292297138075e+00
1.421186743031462640e+00
1.421720058611887660e+00
1.422252242048802628e+00
1.422783296345319970e+00
1.423313224497265495e+00
1.423842029493173733e+00
1.424369714314282165e+00
1.424896281934522779e+00
1.425421735320522298e+00
1.425946077431594183e+00
1.426469311219736413e+00
1.426991439629624825e+00
1.427512465598613556e+00
1.428032392056726607e+00
1.428551221926665171e+00
1.429068958123792310e+00
1.429585603556142059e+00
1.430101161124410991e+00
1.430615633721959989e+00
1.431129024234814029e+00
1.431641335541660398e+00
1.432152570513844925e+00
1.432662732015381746e+00
1.433171822902941317e+00
1.433679846025863291e+00
1.434186804226147194e+00
1.434692700338461302e+00
1.435197537190138872e+00
1.435701317601184579e+00
1.436204044384274958e+00
1.436705720344758852e+00
1.437206348280661183e+00
1.437705930982692726e+00
1.438204471234239668e+00
1.438701971811380265e+00
1.439198435482882177e+00
1.439693865010207574e+00
1.440188263147518466e+00
1.440681632641679144e+00
1.441173976232265730e+00
1.441665296651566175e+00
1.442155596624586922e+00
1.442644878869060676e+00
1.443133146095450403e+00
1.443620401006954657e+00
1.444106646299516239e+00
1.444591884661825754e+00
1.445076118775330931e+00
1.445559351314241292e+00
1.446041584945538139e+00
1.446522822328977442e+00
1.447003066117101833e+00
1.447482318955245484e+00
1.447960583481542329e+00
1.448437862326936054e+00
1.448914158115184536e+00
1.449389473462873834e+00
1.449863810979420631e+00
1.450337173267085777e+00
1.450809562920980289e+00
1.451280982529075558e+00
1.451751434672214014e+00
1.452220921924115782e+00
1.452689446851390009e+00
1.453157012013545302e+00
1.453623619962996161e+00
1.454089273245080083e+00
1.454553974398057337e+00
1.455017725953132723e+00
1.455480530434456687e+00
1.455942390359141081e+00
1.456403308237269378e+00
1.456863286571905780e+00
1.457322327859107647e+00
1.457780434587936824e+00
1.458237609240470745e+00
1.458693854291811531e+00
1.459149172210102208e+00
1.459603565456533580e+00
1.460057036485358894e+00
1.460509587743905380e+00
1.460961221672585353e+00
1.461411940704908430e+00
1.461861747267494849e+00
1.462310643780086350e+00
1.462758632655559499e+00
1.463205716299937897e+00
1.463651897112404621e+00
1.464097177485315315e+00
1.464541559804211968e+00
1.464985046447832451e+00
1.465427639788126957e+00
1.465869342190270874e+00
1.466310156012674115e+00
1.466750083606999988e+00
1.467189127318173858e+00
1.467627289484398689e+00
1.468064572437169035e+00
1.468500978501283472e+00
1.468936509994858142e+00
1.469371169229339857e+00
1.469804958509523196e+00
1.470237880133560049e+00
1.470669936392976496e+00
1.471101129572685684e+00
1.471531461951000930e+00
1.471960935799651482e+00
1.472389553383795846e+00
1.472817316962038436e+00
1.473244228786436461e+00
1.473670291102524343e+00
1.474095506149321055e+00
1.474519876159347209e+00
1.474943403358638161e+00
1.475366089966760441e+00
1.475787938196824411e+00
1.476208950255499808e+00
1.476629128343031949e+00
1.477048474653252841e+00
1.477466991373598049e+00
1.477884680685124241e+00
1.478301544762518072e+00
1.478717585774147247e+00
1.479132805881949952e+00
1.479547207241632467e+00
1.479960792002565695e+00
1.480373562307796931e+00
1.480785520294187307e+00
1.481196668092245705e+00
1.481607007826263978e+00
1.482016541614304295e+00
1.482425271568209579e+00
1.482833199793624379e+00
1.483240328390006191e+00
1.483646659450640337e+00
1.484052195062658841e+00
1.484456937307053082e+00
1.484860888258689116e+00
1.485264049986322998e+00
1.485666424552619214e+00
1.486068014014161998e+00
1.486468820421470882e+00
1.486868845819020013e+00
1.487268092245250362e+00
1.487666561732585047e+00
1.488064256307446653e+00
1.488461177990270334e+00
1.488857328795523127e+00
1.489252710731715057e+00
1.489647325801417788e+00
1.490041176001276169e+00
1.490434263322030883e+00
1.490826589748527109e+00
1.491218157259731614e+00
1.491608967828752297e+00
1.491999023422847959e+00
1.492388326003448062e+00
1.492776877526164947e+00
1.493164679940815365e+00
1.493551735191427365e+00
1.493938045216262722e+00
1.494323611947831143e+00
1.494708437312900928e+00
1.495092523232524506e+00
1.495475871622041764e+00
1.495858484391107357e+00
1.496240363443695598e+00
1.496621510678125766e+00
1.497001927987070102e+00
1.497381617257574238e+00
1.497760580371068073e+00
1.498138819203386651e+00
1.498516335624782148e+00
1.498893131499940745e+00
1.499269208687996180e+00
1.499644569042547726e+00
1.500019214411675739e+00
1.500393146637954089e+00
1.500766367558469261e+00
1.501138879004834337e+00
1.501510682803202767e+00
1.501881780774285913e+00
1.502252174733369028e+00
1.502621866490324143e+00
1.502990857849628270e+00
1.503359150610375838e+00
1.503726746566297567e+00
1.504093647505771791e+00
1.504459855211842445e+00
1.504825371462236161e+00
1.505190198029372262e+00
1.505554336680382521e+00
1.505917789177124932e+00
1.506280557276197474e+00
1.506642642728959203e+00
1.507004047281534476e+00
1.507364772674841813e+00
1.507724820644596786e+00
1.508084192921336442e+00
1.508442891230427074e+00
1.508800917292085764e+00
1.509158272821391256e+00
1.509514959528300171e+00
1.509870979117661882e+00
1.510226333289236056e+00
1.510581023737702644e+00
1.510935052152682312e+00
1.511288420218747097e+00
1.511641129615438617e+00
1.511993182017279613e+00
1.512344579093793717e+00
1.512695322509513440e+00
1.513045413924002380e+00
1.513394854991866323e+00
1.513743647362767231e+00
1.514091792681438786e+00
1.514439292587703711e+00
1.514786148716484870e+00
1.515132362697821700e+00
1.515477936156884642e+00
1.515822870713990023e+00
1.516167167984616038e+00
1.516510829579413189e+00
1.516853857104222936e+00
1.517196252160091019e+00
1.517538016343281448e+00
1.517879151245291824e+00
1.518219658452866661e+00
1.518559539548013149e+00
1.518898796108014704e+00
1.519237429705446285e+00
1.519575441908185942e+00
1.519912834279434133e+00
1.520249608377723494e+00
1.520585765756935936e+00
1.520921307966314195e+00
1.521256236550479368e+00
1.521590553049442018e+00
1.521924258998617274e+00
1.522257355928841260e+00
1.522589845366382200e+00
1.522921728832954846e+00
1.523253007845736917e+00
1.523583683917379750e+00
1.523913758556024955e+00
1.524243233265317077e+00
1.524572109544417353e+00
1.524900388888018821e+00
1.525228072786358968e+00
1.525555162725233505e+00
1.525881660186011235e+00
1.526207566645648050e+00
1.526532883576696475e+00
1.526857612447326984e+00
1.527181754721333995e+00
1.527505311858154746e+00
1.527828285312879730e+00
1.528150676536269348e+00
1.528472486974762568e+00
1.528793718070497576e+00
1.529114371261316441e+00
1.529434447980787315e+00
1.529753949658211321e+00
1.530072877718640090e+00
1.530391233582885979e+00
1.530709018667536281e+00
1.531026234384968765e+00
1.531342882143363893e+00
1.531658963346713032e+00
1.531974479394839328e+00
1.532289431683407477e+00
1.532603821603936156e+00
1.532917650543810240e+00
1.533230919886295895e+00
1.533543631010554353e+00
1.533855785291652563e+00
1.534167384100577181e+00
1.534478428804246342e+00
1.534788920765526088e+00
1.535098861343236587e+00
1.535408251892173226e+00
1.535717093763113272e+00
1.536025388302828754e+00
1.536333136854104220e+00
1.536640340755743628e+00
1.536947001342587882e+00
1.537253119945521274e+00
1.537558697891491244e+00
1.537863736503515044e+00
1.538168237100697056e+00
1.538472200998236339e+00
1.538775629507442400e+00
1.539078523935747844e+00
1.539380885586717929e+00
1.539682715760065213e+00
1.539984015751661772e+00
1.540284786853550303e+00
1.540585030353956553e+00
1.540884747537303534e+00
1.541183939684219739e+00
1.541482608071556015e+00
1.541780753972392448e+00
1.542078378656055904e+00
1.542375483388127133e+00
1.542672069430456538e+00
1.542968138041173498e+00
1.543263690474700578e+00
1.543558727981762635e+00
1.543853251809400362e+00
1.544147263200982723e+00
1.544440763396217831e+00
1.544733753631165607e+00
1.545026235138245108e+00
1.545318209146254951e+00
1.545609676880375760e+00
1.545900639562187262e+00
1.546191098409678943e+00
1.546481054637260932e+00
1.546770509455773324e+00
1.547059464072504165e+00
1.547347919691192342e+00
1.547635877512046898e+00
1.547923338731753029e+00
1.548210304543484739e+00
1.548496776136919051e+00
1.548782754698242226e+00
1.549068241410165303e+00
1.549353237451932985e+00
1.549637743999334960e+00
1.549921762224720112e+00
1.550205293297000964e+00
1.550488338381672770e+00
1.550770898640817963e+00
1.551052975233121467e+00
1.551334569313879364e+00
1.551615682035011545e+00
1.551896314545069488e+00
1.552176467989251130e+00
1.552456143509409303e+00
1.552735342244062178e+00
1.553014065328405469e+00
1.553292313894323318e+00
1.553570089070398064e+00
1.553847391981919568e+00
1.554124223750898981e+00
1.554400585496077847e+00
1.554676478332937428e+00
1.554951903373712474e+00
1.555226861727396548e+00
1.555501354499759348e+00
1.555775382793349593e+00
1.556048947707513230e+00
1.556322050338397212e+00
1.556594691778963035e+00
1.556866873118996741e+00
1.557138595445118456e+00
1.557409859840794164e+00
1.557680667386344586e+00
1.557951019158955175e+00
1.558220916232687436e+00
1.558490359678487369e+00
1.558759350564198121e+00
1.559027889954566648e+00
1.559295978911257929e+00
1.559563618492859183e+00
1.559830809754897629e+00
1.560097553749842714e+00
1.560363851527120538e+00
1.560629704133122519e+00
1.560895112611215607e+00
1.561160078001750051e+00
1.561424601342073615e+00
1.561688683666535793e+00
1.561952326006551317e+00
1.562215529390412971e+00
1.562478294843589355e+00
1.562740623388545913e+00
1.563002516044801338e+00
1.563263973828935116e+00
1.563524997754599966e+00
1.563785588832529383e+00
1.564045748070547193e+00
1.564305476473577761e+00
1.564564775043655098e+00
1.564823644779931744e+00
1.565082086678688755e+00
1.565340101733345701e+00
1.565597690934466657e+00
1.565854855269773971e+00
1.566111595724154704e+00
1.566367913279670399e+00
1.566623808915565741e+00
1.566879283608278994e+00
1.567134338331449994e+00
1.567388974055929030e+00
1.567643191749787279e+00
1.567896992378324361e+00
1.568150376904077437e+00
1.568403346286832978e+00
1.568655901483629656e+00
1.568908043448773437e+00
1.569159773133843805e+00
1.569411091487701304e+00
1.569661999456499313e+00
1.569912497983688926e+00
1.570162588010032723e+00
1.570412270473609206e+00
1.570661546309823242e+00
1.570910416451478442e+00
1.571158881828529807e+00
1.571406943368414799e+00
1.571654601996054890e+00
