2.497746252385499500e+15
2.497587401752694500e+15
2.497418472897805000e+15
2.497239471708223000e+15
2.497050404460517500e+15
2.496851277828982500e+15
2.496642098893068500e+15
2.496422875145940000e+15
2.496193614503693000e+15
2.495954325315377000e+15
2.495705016373876000e+15
2.495445696927789000e+15
2.495176376694358000e+15
2.494897065873558000e+15
2.494607775163849500e+15
2.494308515778514500e+15
2.493999299464699000e+15
2.493680138523281000e+15
2.493351045830796500e+15
2.493012034863139000e+15
2.492663119721010000e+15
2.492304315157172500e+15
2.491935636605352500e+15
2.491557100210727000e+15
2.491168722861743000e+15
2.490770522223117000e+15
2.490362516769739000e+15
2.489944725821163000e+15
2.489517169576418000e+15
2.489079869148777000e+15
2.488632846600145500e+15
2.488176124974774500e+15
2.487709728332835000e+15
2.487233681777036500e+15
2.486748011491622500e+15
2.486252744760700000e+15
2.485747909998305000e+15
2.485233536771122500e+15
2.484709655818034000e+15
2.484176299068606500e+15
2.483633499657756000e+15
2.483081291937602000e+15
2.482519711486443500e+15
2.481948795114531000e+15
2.481368580866883000e+15
2.480779108023056000e+15
2.480180417093644000e+15
2.479572549815477500e+15
2.478955549140666000e+15
2.478329459226184500e+15
2.477694325419953000e+15
2.477050194243659500e+15
2.476397113373990000e+15
2.475735131621555500e+15
2.475064298907803500e+15
2.474384666240081000e+15
2.473696285685030500e+15
2.472999210340417000e+15
2.472293494305659500e+15
2.471579192651013000e+15
2.470856361385810000e+15
2.470125057431604000e+15
2.469385338570848000e+15
2.468637263383689000e+15
2.467880891414021500e+15
2.467116282773908000e+15
2.466343498416966500e+15
2.465562599975681500e+15
2.464773649743959500e+15
2.463976710642272500e+15
2.463171846182318500e+15
2.462359120431908000e+15
2.461538597979438000e+15
2.460710343900109500e+15
2.459874423721064500e+15
2.459030903387751000e+15
2.458179849230663500e+15
2.457321327932603500e+15
2.456455406496614500e+15
2.455582152214444500e+15
2.454701632635766000e+15
2.453813915538048500e+15
2.452919068897165000e+15
2.452017160858715000e+15
2.451108259710118000e+15
2.450192433853461000e+15
2.449269751779108500e+15
2.448340282040117500e+15
2.447404093227405500e+15
2.446461253945721500e+15
2.445511832790390500e+15
2.444555898324838000e+15
2.443593519058886500e+15
2.442624763427836000e+15
2.441649699772277500e+15
2.440668396318680000e+15
2.439680921160717500e+15
2.438687342241302000e+15
2.437687727335373000e+15
2.436682144039017500e+15
2.435670659731811500e+15
2.434653341593590000e+15
2.433630256569349500e+15
2.432601471361084500e+15
2.431567052418894000e+15
2.430527065868478000e+15
2.429481577644869000e+15
2.428430653380468000e+15
2.427374358325965500e+15
2.426312757468578000e+15
2.425245915466564000e+15
2.424173896647168000e+15
2.423096764985653000e+15
2.422014584117466000e+15
2.420927417316181500e+15
2.419835327490062500e+15
2.418738377175199500e+15
2.417636628529060500e+15
2.416530143324479000e+15
2.415418982944008000e+15
2.414303208374695000e+15
2.413182880227040500e+15
2.412058058643113500e+15
2.410928803434869500e+15
2.409795173728492000e+15
2.408657228952790000e+15
2.407515027272842500e+15
2.406368626866130000e+15
2.405218085414200000e+15
2.404063460167130500e+15
2.402904807944618500e+15
2.401742185134725500e+15
2.400575647692431000e+15
2.399405251138344000e+15
2.398231050557584000e+15
2.397053100598869500e+15
2.395871455473813000e+15
2.394686168956388500e+15
2.393497294382611000e+15
2.392304884650372000e+15
2.391108992219453500e+15
2.389909669111704000e+15
2.388706966911376000e+15
2.387500936765596500e+15
2.386291629384997000e+15
2.385079095044464500e+15
2.383863383584023000e+15
2.382644544409844500e+15
2.381422626495371000e+15
2.380197678382546000e+15
2.378969748183131500e+15
2.377738883580216500e+15
2.376505131828721500e+15
2.375268539760871000e+15
2.374029153782068000e+15
2.372787019876650000e+15
2.371542183608730500e+15
2.370294690124132000e+15
2.369044584152384500e+15
2.367791910008789500e+15
2.366536711596543500e+15
2.365279032408844500e+15
2.364018915531390500e+15
2.362756403644255000e+15
2.361491539024491000e+15
2.360224363548427500e+15
2.358954918694070000e+15
2.357683245526151500e+15
2.356409384769826500e+15
2.355133376703791500e+15
2.353855261237598000e+15
2.352575077895025500e+15
2.351292865816674500e+15
2.350008663736265500e+15
2.348722510093492500e+15
2.347434442854377000e+15
2.346144499671077500e+15
2.344852717798881000e+15
2.343559134141695500e+15
2.342263785218396000e+15
2.340966707207079500e+15
2.339667935919552500e+15
2.338367506818501500e+15
2.337065454991828500e+15
2.335761815196251000e+15
2.334456621835677000e+15
2.333149908967801500e+15
2.331841710307626000e+15
2.330532059230273000e+15
2.329220988773750000e+15
2.327908531641705500e+15
2.326594720206169000e+15
2.325279586510256000e+15
2.323963162270963500e+15
2.322645478881900000e+15
2.321326567415687000e+15
2.320006458627353500e+15
2.318685182956338000e+15
2.317362770529543500e+15
2.316039251163925000e+15
2.314714654369188500e+15
2.313389009350426000e+15
2.312062345010781500e+15
2.310734689954082000e+15
2.309406072487463500e+15
2.308076520623982500e+15
2.306746062085216500e+15
2.305414724303852500e+15
2.304082534426256500e+15
2.302749519315040000e+15
2.301415705551784000e+15
2.300081119439157500e+15
2.298745787001881000e+15
2.297409733996329500e+15
2.296072985901854000e+15
2.294735567931785500e+15
2.293397505032897000e+15
2.292058821887838500e+15
2.290719542918103500e+15
2.289379692286066000e+15
2.288039293897503500e+15
2.286698371403783000e+15
2.285356948204573500e+15
2.284015047449825000e+15
2.282672692041908000e+15
2.281329904639267000e+15
2.279986707656649500e+15
2.278643123268710000e+15
2.277299173411885500e+15
2.275954879786110500e+15
2.274610263865143000e+15
2.273265346870908000e+15
2.271920149818863000e+15
2.270574693486052000e+15
2.269228998426169500e+15
2.267883084970115500e+15
2.266536973228026000e+15
2.265190683091346500e+15
2.263844234234908500e+15
2.262497646118980500e+15
2.261150937991313000e+15
2.259804128889152000e+15
2.258457237641263500e+15
2.257110282869878500e+15
2.255763282992794000e+15
2.254416256225134500e+15
2.253069220581427500e+15
2.251722193877488500e+15
2.250375193732329250e+15
2.249028237570039750e+15
2.247681342621665000e+15
2.246334525927062250e+15
2.244987804336641750e+15
2.243641194513528250e+15
2.242294712934869000e+15
2.240948375893681750e+15
2.239602199502841750e+15
2.238256199690511500e+15
2.236910392210190750e+15
2.235564792636882500e+15
2.234219416370484750e+15
2.232874278637459000e+15
2.231529394491740000e+15
2.230184778818896000e+15
2.228840446334172250e+15
2.227496411586624250e+15
2.226152688959671250e+15
2.224809292673417500e+15
2.223466236785747750e+15
2.222123535194031000e+15
2.220781201636677750e+15
2.219439249694688500e+15
2.218097692793175250e+15
2.216756544202886000e+15
2.215415817041702000e+15
2.214075524276132500e+15
2.212735678722695000e+15
2.211396293049709250e+15
2.210057379778255750e+15
2.208718951283953750e+15
2.207381019798191000e+15
2.206043597409724000e+15
2.204706696065907750e+15
2.203370327574138250e+15
2.202034503603201250e+15
2.200699235684638000e+15
2.199364535214080750e+15
2.198030413452577000e+15
2.196696881527900250e+15
2.195363950435879750e+15
2.194031631041623250e+15
2.192699934080814250e+15
2.191368870160674250e+15
2.190038449770899750e+15
2.188708683244723250e+15
2.187379580831506500e+15
2.186051152633781000e+15
2.184723408636864750e+15
2.183396358705436250e+15
2.182070012584255750e+15
2.180744379900164500e+15
2.179419470176063250e+15
2.178095292769641250e+15
2.176771856990961000e+15
2.175449171995461000e+15
2.174127246834619500e+15
2.172806090448463500e+15
2.171485711666523000e+15
2.170166119208885500e+15
2.168847321687260750e+15
2.167529327606041750e+15
2.166212145363366750e+15
2.164895783252150250e+15
2.163580249461124500e+15
2.162265552075861750e+15
2.160951699079739500e+15
2.159638698355136000e+15
2.158326557684131500e+15
2.157015284749694500e+15
2.155704887136605500e+15
2.154395372332420750e+15
2.153086747728432250e+15
2.151779020620614000e+15
2.150472198210555750e+15
2.149166287606398250e+15
2.147861295823749000e+15
2.146557229786595000e+15
2.145254096328196500e+15
2.143951902191981250e+15
2.142650654032395500e+15
2.141350358415714000e+15
2.140051021820471250e+15
2.138752650631420500e+15
2.137455251201956750e+15
2.136158829686353250e+15
2.134863392260363500e+15
2.133568944976006500e+15
2.132275493806656500e+15
2.130983044644724750e+15
2.129691603302173750e+15
2.128401175511602000e+15
2.127111766925560750e+15
2.125823383119624250e+15
2.124536029591548750e+15
2.123249711762457000e+15
2.121964434977598000e+15
2.120680204507100250e+15
2.119397025546716000e+15
2.118114903218556750e+15
2.116833842571819500e+15
2.115553848583515500e+15
2.114274926159183750e+15
2.112997080133597250e+15
2.111720315271470250e+15
2.110444636268154000e+15
2.109170047750314000e+15
2.107896554276625750e+15
2.106624160338449000e+15
2.105352870360489250e+15
2.104082688701465500e+15
2.102813619654768500e+15
2.101545667449106250e+15
2.100278836249149750e+15
2.099013130156171250e+15
2.097748553208679750e+15
2.096485109383035750e+15
2.095222802593989500e+15
2.093961636695672000e+15
2.092701615481615250e+15
2.091442742685753750e+15
2.090185021982919250e+15
2.088928456989437250e+15
2.087673051263700000e+15
2.086418808306756250e+15
2.085165731562881000e+15
2.083913824420143000e+15
2.082663090210968000e+15
2.081413532212698750e+15
2.080165153648145000e+15
2.078917957686127750e+15
2.077671947442029500e+15
2.076427125978319500e+15
2.075183496305094000e+15
2.073941061380598500e+15
2.072699824111750250e+15
2.071459787354656500e+15
2.070220953915578000e+15
2.068983326549610000e+15
2.067746907963928500e+15
2.066511700816456250e+15
2.065277707716812000e+15
2.064044931226803500e+15
2.062813373860899500e+15
2.061583038086717250e+15
2.060353926325491500e+15
2.059126040952550250e+15
2.057899384297768750e+15
2.056673958646040500e+15
2.055449766237727750e+15
2.054226809269115250e+15
2.053005089892852250e+15
2.051784610218403000e+15
2.050565372312485750e+15
2.049347378199497500e+15
2.048130629861953250e+15
2.046915129240914750e+15
2.045700878236398750e+15
2.044487878707813750e+15
2.043276132474351500e+15
2.042065641315392250e+15
2.040856406970829250e+15
2.039648431139880000e+15
2.038441715494147000e+15
2.037236261645123750e+15
2.036032071185680000e+15
2.034829145664319500e+15
2.033627486593012250e+15
2.032427095447133750e+15
2.031227973665817750e+15
2.030030122652306750e+15
2.028833543774318250e+15
2.027638238364419000e+15
2.026444207720377500e+15
2.025251453105526750e+15
2.024059975749127500e+15
2.022869776846704250e+15
2.021680857560403500e+15
2.020493219019353000e+15
2.019306862319978750e+15
2.018121788526358000e+15
2.016937998670562250e+15
2.015755493752977500e+15
2.014574274742637000e+15
2.013394342577556000e+15
2.012215698165043250e+15
2.011038342382034250e+15
2.009862276075400500e+15
2.008687500062260250e+15
2.007514015130308250e+15
2.006341822034603750e+15
2.005170921511884500e+15
2.004001314259870000e+15
2.002833000951568000e+15
2.001665982232055000e+15
2.000500258718785250e+15
1.999335831001881500e+15
1.998172699644413750e+15
1.997010865182699000e+15
1.995850328126570500e+15
1.994691088959667500e+15
1.993533148139713250e+15
1.992376506098786000e+15
1.991221163243597000e+15
1.990067119955755000e+15
1.988914376592037000e+15
1.987762933484656500e+15
1.986612790941525000e+15
1.985463949246499750e+15
1.984316408659665500e+15
1.983170169417566250e+15
1.982025231733477750e+15
1.980881595797637500e+15
1.979739261777515750e+15
1.978598229818043500e+15
1.977458500041860750e+15
1.976320072549566500e+15
1.975182947419941500e+15
1.974047124710200750e+15
1.972912604456218750e+15
1.971779386672762000e+15
1.970647471353726000e+15
1.969516858472353250e+15
1.968387547981470500e+15
1.967259539813697750e+15
1.966132833881685250e+15
1.965007430078320500e+15
1.963883328276951500e+15
1.962760528331604000e+15
1.961639030077192500e+15
1.960518833329725000e+15
1.959399937886527000e+15
1.958282343526428000e+15
1.957166050009990750e+15
1.956051057079695250e+15
1.954937364460152000e+15
1.953824971858297500e+15
1.952713878963583750e+15
1.951604085448192250e+15
1.950495590967210750e+15
1.949388395158835000e+15
1.948282497644558000e+15
1.947177898029352500e+15
1.946074595901864500e+15
1.944972590834596750e+15
1.943871882384089500e+15
1.942772470091105500e+15
1.941674353480805500e+15
1.940577532062927250e+15
1.939482005331969500e+15
1.938387772767355500e+15
1.937294833833610250e+15
1.936203187980538000e+15
1.935112834643381250e+15
1.934023773242997250e+15
1.932936003186024250e+15
1.931849523865038000e+15
1.930764334658724500e+15
1.929680434932047250e+15
1.928597824036381250e+15
1.927516501309706250e+15
1.926436466076742000e+15
1.925357717649105250e+15
1.924280255325479250e+15
1.923204078391745750e+15
1.922129186121151500e+15
1.921055577774452750e+15
1.919983252600065750e+15
1.918912209834213500e+15
1.917842448701066750e+15
1.916773968412896750e+15
1.915706768170210250e+15
1.914640847161890500e+15
1.913576204565962250e+15
1.912512839547194500e+15
1.911450751261111000e+15
1.910389938851496750e+15
1.909330401451191250e+15
1.908272138182226000e+15
1.907215148155936000e+15
1.906159430473082250e+15
1.905104984223945000e+15
1.904051808488383000e+15
1.902999902335824750e+15
1.901949264825010500e+15
1.900899895003007250e+15
1.899851791508773000e+15
1.898804954794767000e+15
1.897759382158904250e+15
1.896715073439371500e+15
1.895672027521464000e+15
1.894630243398530750e+15
1.893589720054915000e+15
1.892550456465981000e+15
1.891512451598290750e+15
1.890475704409698750e+15
1.889440213849468000e+15
1.888405978858376000e+15
1.887372998368836000e+15
1.886341271304995750e+15
1.885310796582851750e+15
1.884281573110353000e+15
1.883253599787515000e+15
1.882226875506511750e+15
1.881201399151794250e+15
1.880177169600182250e+15
1.879154185720977750e+15
1.878132446376054000e+15
1.877111950419966000e+15
1.876092696700046250e+15
1.875074684056503500e+15
1.874057911322517750e+15
1.873042377324339250e+15
1.872028080881386750e+15
1.871015020806337250e+15
1.870003195905223250e+15
1.868992604977520500e+15
1.867983246816248500e+15
1.866975120208055500e+15
1.865968223933313000e+15
1.864962556766196250e+15
1.863958117474786250e+15
1.862954904821143750e+15
1.861952917561406500e+15
1.860952154445874500e+15
1.859952614219082250e+15
1.858954295619901000e+15
1.857957197381612750e+15
1.856961318231992750e+15
1.855966656893390750e+15
1.854973212082820000e+15
1.853980982512028750e+15
1.852989966887582250e+15
1.852000163910944000e+15
1.851011572278551500e+15
1.850024190681890750e+15
1.849038017807586250e+15
1.848053052337451250e+15
1.847069292948591250e+15
1.846086738313458750e+15
1.845105387099935000e+15
1.844125237971402750e+15
1.843146289586810750e+15
1.842168540600761500e+15
1.841191989663558250e+15
1.840216635421299250e+15
1.839242476515932750e+15
1.838269511585327000e+15
1.837297739263345500e+15
1.836327158179905250e+15
1.835357766961048250e+15
1.834389564229010000e+15
1.833422548602277750e+15
1.832456718695660750e+15
1.831492073120355000e+15
1.830528610483998000e+15
1.829566329390748750e+15
1.828605228441327000e+15
1.827645306233100000e+15
1.826686561360120000e+15
1.825728992413201500e+15
1.824772597979974000e+15
1.823817376644939250e+15
1.822863326989539250e+15
1.821910447592203000e+15
1.820958737028406000e+15
1.820008193870738000e+15
1.819058816688947500e+15
1.818110604049999500e+15
1.817163554518136500e+15
1.816217666654925750e+15
1.815272939019317250e+15
1.814329370167704250e+15
1.813386958653957000e+15
1.812445703029497500e+15
1.811505601843337750e+15
1.810566653642134000e+15
1.809628856970238000e+15
1.808692210369753000e+15
1.807756712380574250e+15
1.806822361540443500e+15
1.805889156385000500e+15
1.804957095447824000e+15
1.804026177260489750e+15
1.803096400352603750e+15
1.802167763251867250e+15
1.801240264484109500e+15
1.800313902573337500e+15
1.799388676041784750e+15
1.798464583409954750e+15
1.797541623196659000e+15
1.796619793919074500e+15
1.795699094092773750e+15
1.794779522231784250e+15
1.793861076848609500e+15
1.792943756454291750e+15
1.792027559558444000e+15
1.791112484669293000e+15
1.790198530293722500e+15
1.789285694937308250e+15
1.788373977104366000e+15
1.787463375297992250e+15
1.786553888020087750e+15
1.785645513771422750e+15
1.784738251051650250e+15
1.783832098359356250e+15
1.782927054192105000e+15
1.782023117046458000e+15
1.781120285418029250e+15
1.780218557801509750e+15
1.779317932690712000e+15
1.778418408578595250e+15
1.777519983957318250e+15
1.776622657318252750e+15
1.775726427152040250e+15
1.774831291948611000e+15
1.773937250197225250e+15
1.773044300386501750e+15
1.772152441004462000e+15
1.771261670538547250e+15
1.770371987475666250e+15
1.769483390302215500e+15
1.768595877504125500e+15
1.767709447566875500e+15
1.766824098975541500e+15
1.765939830214812500e+15
1.765056639769028000e+15
1.764174526122218500e+15
1.763293487758112750e+15
1.762413523160187250e+15
1.761534630811687750e+15
1.760656809195660500e+15
1.759780056794975250e+15
1.758904372092362750e+15
1.758029753570438500e+15
1.757156199711729500e+15
1.756283708998703000e+15
1.755412279913793500e+15
1.754541910939431750e+15
1.753672600558071250e+15
1.752804347252208000e+15
1.751937149504415750e+15
1.751071005797368750e+15
1.750205914613865000e+15
1.749341874436853250e+15
1.748478883749460000e+15
1.747616941035008250e+15
1.746756044777049250e+15
1.745896193459384000e+15
1.745037385566085500e+15
1.744179619581519000e+15
1.743322893990377000e+15
1.742467207277694500e+15
1.741612557928865250e+15
1.740758944429682000e+15
1.739906365266342250e+15
1.739054818925480000e+15
1.738204303894182750e+15
1.737354818660017000e+15
1.736506361711046500e+15
1.735658931535850750e+15
1.734812526623558500e+15
1.733967145463855000e+15
1.733122786547002000e+15
1.732279448363872000e+15
1.731437129405956250e+15
1.730595828165386000e+15
1.729755543134956250e+15
1.728916272808138500e+15
1.728078015679112500e+15
1.727240770242763500e+15
1.726404534994728500e+15
1.725569308431389250e+15
1.724735089049906250e+15
1.723901875348232250e+15
1.723069665825128000e+15
1.722238458980182250e+15
1.721408253313828750e+15
1.720579047327428750e+15
1.719750839523029750e+15
1.718923628403764500e+15
1.718097412473617500e+15
1.717272190237502500e+15
1.716447960201277250e+15
1.715624720871759500e+15
1.714802470756741500e+15
1.713981208365020500e+15
1.713160932206385250e+15
1.712341640791598000e+15
1.711523332632633250e+15
1.710706006242347250e+15
1.709889660134720250e+15
1.709074292824814000e+15
1.708259902828789000e+15
1.707446488663916250e+15
1.706634048848588750e+15
1.705822581902347000e+15
1.705012086345874500e+15
1.704202560701030750e+15
1.703394003490844250e+15
1.702586413239545750e+15
1.701779788472569500e+15
1.700974127716562000e+15
1.700169429499410750e+15
1.699365692350241250e+15
1.698562914799437250e+15
1.697761095378650000e+15
1.696960232620813000e+15
1.696160325060150750e+15
1.695361371232193500e+15
1.694563369673785750e+15
1.693766318923101250e+15
1.692970217519651750e+15
1.692175064004294750e+15
1.691380856919257250e+15
1.690587594808131500e+15
1.689795276215891750e+15
1.689003899688910750e+15
1.688213463774958500e+15
1.687423967023224250e+15
1.686635407984316250e+15
1.685847785210280750e+15
1.685061097254606500e+15
1.684275342672234750e+15
1.683490520019574250e+15
1.682706627854500500e+15
1.681923664736375750e+15
1.681141629226054000e+15
1.680360519885885500e+15
1.679580335279735000e+15
1.678801073972982500e+15
1.678022734532539000e+15
1.677245315526844500e+15
1.676468815525890750e+15
1.675693233101219250e+15
1.674918566825931750e+15
1.674144815274699250e+15
1.673371977023770750e+15
1.672600050650982250e+15
1.671829034735759250e+15
1.671058927859127000e+15
1.670289728603726250e+15
1.669521435553804750e+15
1.668754047295237500e+15
1.667987562415529500e+15
1.667221979503823250e+15
1.666457297150904500e+15
1.665693513949209250e+15
1.664930628492835500e+15
1.664168639377544750e+15
1.663407545200766750e+15
1.662647344561614500e+15
1.661888036060879000e+15
1.661129618301049750e+15
1.660372089886305500e+15
1.659615449422532500e+15
1.658859695517326000e+15
1.658104826779994000e+15
1.657350841821566250e+15
1.656597739254799250e+15
1.655845517694181250e+15
1.655094175755938250e+15
1.654343712058041750e+15
1.653594125220205250e+15
1.652845413863904250e+15
1.652097576612366500e+15
1.651350612090586250e+15
1.650604518925326750e+15
1.649859295745127250e+15
1.649114941180299750e+15
1.648371453862946250e+15
1.647628832426953500e+15
1.646887075508000750e+15
1.646146181743567500e+15
1.645406149772929500e+15
1.644666978237173500e+15
1.643928665779193250e+15
1.643191211043700000e+15
1.642454612677218750e+15
1.641718869328102500e+15
1.640983979646525250e+15
1.640249942284493500e+15
1.639516755895851250e+15
1.638784419136275500e+15
1.638052930663284000e+15
1.637322289136244750e+15
1.636592493216368500e+15
1.635863541566724500e+15
1.635135432852226500e+15
1.634408165739657750e+15
1.633681738897659500e+15
1.632956150996734750e+15
1.632231400709257000e+15
1.631507486709471000e+15
1.630784407673493250e+15
1.630062162279322000e+15
1.629340749206825750e+15
1.628620167137764500e+15
1.627900414755777250e+15
1.627181490746394500e+15
1.626463393797034000e+15
1.625746122597006000e+15
1.625029675837518500e+15
1.624314052211673500e+15
1.623599250414474250e+15
1.622885269142825500e+15
1.622172107095537250e+15
1.621459762973323500e+15
1.620748235478807250e+15
1.620037523316521250e+15
1.619327625192911750e+15
1.618618539816338750e+15
1.617910265897078750e+15
1.617202802147321000e+15
1.616496147281182250e+15
1.615790300014693500e+15
1.615085259065810750e+15
1.614381023154415750e+15
1.613677591002312750e+15
1.612974961333238000e+15
1.612273132872849250e+15
1.611572104348740750e+15
1.610871874490436500e+15
1.610172442029389000e+15
1.609473805698991000e+15
1.608775964234563750e+15
1.608078916373367750e+15
1.607382660854599500e+15
1.606687196419397500e+15
1.605992521810832250e+15
1.605298635773919000e+15
1.604605537055612750e+15
1.603913224404808750e+15
1.603221696572348750e+15
1.602530952311011500e+15
1.601840990375523750e+15
1.601151809522555000e+15
1.600463408510724250e+15
1.599775786100588250e+15
1.599088941054654500e+15
1.598402872137379500e+15
1.597717578115160750e+15
1.597033057756349000e+15
1.596349309831239000e+15
1.595666333112075000e+15
1.594984126373050500e+15
1.594302688390307500e+15
1.593622017941932750e+15
1.592942113807969500e+15
1.592262974770403000e+15
1.591584599613172750e+15
1.590906987122163750e+15
1.590230136085213250e+15
1.589554045292105250e+15
1.588878713534574500e+15
1.588204139606305500e+15
1.587530322302929500e+15
1.586857260422028250e+15
1.586184952763130250e+15
1.585513398127714500e+15
1.584842595319207500e+15
1.584172543142980750e+15
1.583503240406358500e+15
1.582834685918607250e+15
1.582166878490941750e+15
1.581499816936523000e+15
1.580833500070456000e+15
1.580167926709796000e+15
1.579503095673537250e+15
1.578839005782620500e+15
1.578175655859930250e+15
1.577513044730295750e+15
1.576851171220482500e+15
1.576190034159204250e+15
1.575529632377110750e+15
1.574869964706796750e+15
1.574211029982789500e+15
1.573552827041562500e+15
1.572895354721522750e+15
1.572238611863013000e+15
1.571582597308314500e+15
1.570927309901643750e+15
1.570272748489149500e+15
1.569618911918915250e+15
1.568965799040955250e+15
1.568313408707217000e+15
1.567661739771576250e+15
1.567010791089840750e+15
1.566360561519744250e+15
1.565711049920946000e+15
1.565062255155032750e+15
1.564414176085517750e+15
1.563766811577832000e+15
1.563120160499338250e+15
1.562474221719310000e+15
1.561828994108946500e+15
1.561184476541365500e+15
1.560540667891600750e+15
1.559897567036601250e+15
1.559255172855232500e+15
1.558613484228269250e+15
1.557972500038403750e+15
1.557332219170235750e+15
1.556692640510273750e+15
1.556053762946933750e+15
1.555415585370541000e+15
1.554778106673320500e+15
1.554141325749402750e+15
1.553505241494821500e+15
1.552869852807508750e+15
1.552235158587297250e+15
1.551601157735912000e+15
1.550967849156976500e+15
1.550335231756009000e+15
1.549703304440419750e+15
1.549072066119507250e+15
1.548441515704459500e+15
1.547811652108353250e+15
1.547182474246148500e+15
1.546553981034692250e+15
1.545926171392708250e+15
1.545299044240805750e+15
1.544672598501471250e+15
1.544046833099064000e+15
1.543421746959823250e+15
1.542797339011859250e+15
1.542173608185151500e+15
1.541550553411551500e+15
1.540928173624780000e+15
1.540306467760417250e+15
1.539685434755911500e+15
1.539065073550574750e+15
1.538445383085575750e+15
1.537826362303940000e+15
1.537208010150553250e+15
1.536590325572152500e+15
1.535973307517326750e+15
1.535356954936515000e+15
1.534741266782007250e+15
1.534126242007936750e+15
1.533511879570280250e+15
1.532898178426862500e+15
1.532285137537337500e+15
1.531672755863207000e+15
1.531061032367804000e+15
1.530449966016296000e+15
1.529839555775564500e+15
1.529229800614667750e+15
1.528620699503997500e+15
1.528012251416341750e+15
1.527404455326003250e+15
